100
50
1 53 31
1 91 52
2 94 48
2 72 31
3 79 12
3 86 94
4 3 43
4 68 18
5 54 12
5 42 8
6 48 82
6 96 59
7 51 73
7 3 38
8 3 26
8 6 92
9 38 27
9 3 13
10 48 61
10 61 31
11 86 53
11 57 40
12 93 51
12 21 79
13 93 93
13 60 8
14 31 93
14 92 39
15 17 7
15 71 47
16 45 73
16 40 29
17 6 58
17 3 30
18 56 30
18 9 75
19 39 98
19 58 37
20 34 34
20 72 51
21 40 12
21 27 38
22 96 88
22 22 57
23 44 43
23 42 10
24 95 52
24 100 42
25 22 47
25 77 81
26 35 50
26 96 30
27 23 92
27 78 49
28 81 45
28 51 87
29 92 8
29 59 77
30 20 67
30 37 84
31 56 16
31 88 81
32 60 50
32 83 16
33 2 56
33 22 99
34 93 99
34 18 38
35 12 99
35 42 49
36 70 29
36 8 2
37 68 10
37 7 33
38 75 95
38 30 28
39 88 50
39 4 68
40 19 23
40 64 62
41 33 31
41 8 12
42 84 92
42 10 50
43 12 51
43 21 10
44 29 28
44 18 29
45 22 79
45 98 67
46 51 48
46 96 75
47 17 50
47 59 49
48 95 61
48 48 52
49 76 51
49 76 80
50 33 2
50 44 61
