100
2000
1 25 18
1 75 60
2 37 33
2 79 20
3 9 70
3 91 55
4 26 56
4 73 20
5 89 98
5 51 32
6 91 85
6 49 44
7 99 48
7 33 14
8 34 21
8 84 35
9 38 74
9 66 77
10 39 14
10 99 49
11 91 58
11 3 84
12 31 99
12 73 99
13 98 57
13 69 39
14 25 7
14 89 84
15 53 62
15 14 15
16 35 59
16 12 31
17 27 46
17 47 36
18 86 21
18 35 30
19 39 38
19 8 90
20 98 96
20 27 22
21 100 34
21 66 9
22 56 16
22 96 87
23 28 62
23 84 62
24 51 14
24 34 75
25 47 56
25 28 13
26 98 69
26 90 24
27 21 69
27 37 51
28 48 72
28 100 52
29 89 28
29 91 29
30 49 46
30 3 6
31 93 64
31 4 59
32 29 32
32 32 96
33 100 61
33 48 3
34 58 73
34 11 35
35 11 70
35 37 64
36 17 73
36 25 14
37 98 99
37 36 61
38 6 51
38 63 17
39 34 61
39 49 100
40 58 38
40 68 48
41 43 40
41 51 6
42 20 25
42 3 79
43 1 28
43 97 58
44 43 21
44 55 33
45 25 62
45 97 6
46 5 69
46 65 44
47 13 40
47 1 89
48 35 2
48 59 81
49 78 54
49 85 23
50 75 4
50 6 40
51 24 92
51 11 97
52 23 58
52 81 80
53 25 52
53 56 80
54 48 75
54 98 74
55 21 84
55 23 38
56 26 7
56 85 73
57 65 54
57 85 33
58 53 36
58 75 35
59 46 52
59 76 43
60 89 35
60 82 89
61 36 53
61 32 6
62 89 31
62 35 94
63 70 99
63 81 22
64 64 24
64 65 66
65 91 3
65 2 73
66 84 58
66 55 21
67 40 52
67 70 78
68 40 31
68 34 53
69 90 17
69 39 71
70 22 8
70 29 81
71 36 47
71 41 86
72 99 87
72 31 97
73 52 99
73 12 30
74 62 49
74 46 49
75 64 1
75 57 20
76 71 38
76 62 87
77 78 90
77 57 10
78 64 2
78 66 28
79 60 71
79 99 10
80 26 50
80 75 20
81 70 31
81 91 75
82 86 49
82 51 97
83 45 2
83 73 26
84 53 11
84 91 53
85 41 62
85 12 37
86 88 25
86 73 59
87 25 15
87 18 37
88 80 1
88 73 39
89 15 12
89 64 60
90 81 66
90 57 64
91 79 58
91 68 44
92 63 31
92 36 80
93 25 99
93 47 46
94 3 48
94 4 26
95 38 59
95 57 26
96 81 27
96 42 3
97 66 40
97 99 36
98 68 99
98 3 29
99 21 30
99 64 100
100 79 57
100 17 50
101 36 20
101 17 48
102 77 49
102 19 13
103 44 96
103 18 79
104 80 34
104 32 55
105 1 26
105 36 64
106 91 79
106 94 89
107 72 99
107 98 75
108 79 83
108 48 77
109 30 86
109 63 82
110 47 100
110 37 36
111 45 4
111 100 95
112 63 4
112 23 18
113 30 83
113 55 50
114 48 96
114 13 61
115 63 42
115 41 69
116 59 77
116 44 47
117 69 37
117 41 50
118 97 80
118 80 82
119 89 62
119 42 55
120 96 53
120 33 65
121 51 67
121 40 27
122 10 95
122 5 82
123 85 93
123 86 3
124 64 82
124 8 64
125 3 64
125 21 60
126 18 16
126 43 18
127 2 80
127 35 28
128 66 96
128 99 40
129 40 90
129 32 66
130 55 58
130 5 88
131 33 96
131 70 73
132 64 70
132 44 54
133 86 89
133 97 89
134 19 81
134 2 19
135 20 92
135 2 76
136 36 59
136 7 67
137 45 56
137 20 48
138 20 47
138 10 28
139 14 75
139 87 13
140 4 49
140 89 18
141 1 90
141 78 97
142 61 69
142 20 18
143 12 82
143 84 28
144 73 27
144 93 86
145 67 56
145 23 22
146 27 54
146 86 47
147 5 1
147 45 28
148 82 29
148 56 23
149 30 38
149 75 71
150 5 79
150 10 57
151 57 65
151 70 33
152 25 91
152 74 19
153 86 66
153 89 70
154 7 95
154 63 71
155 71 7
155 24 6
156 69 26
156 74 85
157 95 61
157 91 65
158 49 99
158 87 74
159 30 37
159 75 50
160 73 1
160 59 100
161 55 38
161 19 21
162 56 45
162 1 65
163 97 96
163 70 36
164 56 15
164 19 83
165 9 83
165 4 29
166 62 92
166 41 36
167 18 87
167 44 61
168 58 23
168 97 92
169 36 58
169 31 42
170 83 84
170 61 56
171 55 11
171 90 1
172 63 73
172 51 8
173 38 62
173 92 80
174 2 55
174 85 26
175 57 48
175 92 5
176 52 80
176 7 63
177 53 89
177 97 13
178 44 29
178 20 23
179 64 27
179 81 12
180 68 73
180 43 30
181 65 49
181 71 3
182 69 73
182 77 65
183 84 46
183 50 25
184 75 86
184 52 32
185 42 38
185 18 34
186 79 76
186 10 26
187 36 12
187 89 59
188 69 42
188 68 1
189 98 15
189 65 24
190 57 37
190 82 78
191 96 10
191 98 66
192 71 62
192 62 71
193 42 42
193 75 40
194 66 83
194 10 50
195 64 29
195 15 76
196 5 57
196 82 49
197 10 9
197 68 12
198 39 12
198 58 58
199 12 46
199 89 97
200 88 37
200 88 76
201 13 15
201 41 41
202 65 28
202 33 62
203 92 85
203 99 79
204 93 88
204 86 71
205 9 55
205 46 34
206 25 29
206 4 22
207 96 1
207 69 93
208 90 19
208 18 19
209 81 6
209 73 63
210 54 93
210 10 2
211 77 21
211 33 16
212 55 10
212 10 88
213 14 20
213 96 14
214 69 84
214 59 42
215 21 81
215 46 28
216 48 35
216 54 51
217 18 65
217 64 19
218 66 65
218 90 32
219 85 36
219 68 7
220 46 77
220 12 49
221 75 84
221 47 86
222 23 80
222 80 95
223 26 19
223 29 47
224 91 27
224 98 73
225 90 73
225 85 43
226 75 27
226 39 16
227 90 3
227 77 57
228 88 52
228 31 5
229 44 53
229 28 98
230 12 20
230 99 57
231 11 31
231 53 76
232 42 100
232 31 56
233 24 61
233 59 63
234 93 58
234 37 90
235 50 7
235 83 49
236 94 15
236 18 68
237 48 82
237 44 59
238 95 51
238 7 91
239 21 28
239 51 42
240 38 40
240 10 10
241 43 1
241 54 77
242 12 63
242 60 40
243 79 73
243 76 13
244 66 21
244 74 76
245 91 47
245 49 1
246 91 21
246 80 90
247 32 63
247 8 15
248 55 18
248 54 3
249 45 47
249 27 90
250 3 42
250 26 71
251 67 83
251 8 40
252 28 54
252 76 45
253 12 35
253 68 67
254 98 78
254 38 65
255 18 66
255 88 43
256 70 7
256 26 58
257 45 53
257 43 50
258 33 31
258 82 44
259 9 92
259 25 1
260 68 38
260 73 54
261 82 10
261 68 70
262 14 10
262 78 75
263 82 54
263 49 52
264 27 11
264 3 3
265 5 31
265 62 54
266 42 61
266 20 49
267 52 69
267 37 15
268 90 22
268 73 34
269 90 54
269 98 6
270 52 97
270 38 76
271 31 15
271 38 47
272 84 54
272 70 23
273 99 83
273 19 70
274 44 32
274 11 55
275 2 64
275 89 100
276 70 64
276 65 53
277 35 93
277 50 28
278 92 34
278 86 32
279 50 71
279 38 24
280 24 73
280 93 53
281 34 92
281 90 66
282 37 84
282 1 25
283 39 76
283 59 56
284 8 6
284 88 2
285 53 79
285 55 34
286 100 17
286 25 51
287 65 36
287 61 18
288 35 63
288 42 14
289 68 39
289 72 75
290 47 18
290 81 38
291 70 6
291 20 96
292 52 27
292 42 81
293 43 52
293 64 78
294 82 86
294 21 65
295 81 53
295 35 54
296 15 94
296 26 45
297 85 29
297 97 26
298 9 74
298 51 79
299 65 4
299 9 75
300 30 21
300 62 16
301 24 74
301 5 36
302 70 70
302 3 40
303 69 100
303 64 30
304 92 33
304 76 38
305 57 22
305 51 41
306 2 30
306 35 27
307 18 33
307 12 16
308 68 43
308 47 33
309 91 83
309 86 30
310 63 48
310 18 96
311 72 46
311 100 40
312 64 49
312 67 40
313 82 26
313 76 60
314 85 45
314 71 97
315 45 44
315 64 50
316 7 13
316 61 41
317 84 63
317 52 79
318 26 63
318 87 35
319 27 35
319 98 41
320 11 63
320 9 12
321 81 19
321 27 66
322 61 30
322 12 28
323 81 84
323 90 25
324 86 57
324 19 99
325 98 81
325 64 67
326 88 40
326 45 69
327 49 95
327 44 9
328 13 46
328 7 92
329 14 33
329 12 76
330 98 19
330 81 73
331 50 83
331 4 81
332 96 19
332 53 64
333 22 27
333 31 7
334 27 88
334 21 19
335 20 7
335 28 10
336 77 74
336 65 84
337 46 51
337 39 56
338 80 38
338 96 17
339 70 32
339 100 77
340 2 3
340 63 86
341 1 97
341 9 72
342 69 28
342 54 19
343 81 61
343 67 59
344 99 63
344 34 46
345 19 49
345 48 41
346 59 7
346 6 6
347 24 76
347 41 6
348 45 61
348 10 41
349 78 45
349 17 66
350 84 38
350 13 74
351 9 20
351 19 67
352 33 38
352 73 48
353 89 9
353 41 20
354 79 28
354 81 24
355 47 77
355 23 69
356 33 56
356 47 42
357 37 22
357 85 16
358 71 9
358 19 72
359 85 79
359 34 31
360 44 35
360 61 93
361 7 75
361 49 3
362 55 90
362 6 13
363 96 30
363 34 70
364 51 13
364 9 24
365 73 73
365 94 90
366 82 94
366 87 2
367 27 74
367 21 24
368 41 70
368 96 57
369 52 65
369 4 71
370 39 66
370 6 87
371 88 95
371 96 49
372 65 33
372 100 29
373 13 8
373 85 59
374 1 61
374 20 82
375 60 7
375 55 39
376 72 73
376 25 38
377 3 43
377 46 94
378 59 96
378 10 13
379 84 80
379 12 98
380 44 34
380 69 90
381 51 96
381 64 83
382 94 39
382 60 70
383 25 3
383 39 7
384 54 65
384 70 82
385 57 93
385 21 29
386 54 12
386 82 60
387 34 16
387 77 97
388 1 42
388 56 9
389 62 73
389 79 7
390 94 20
390 91 63
391 96 77
391 46 40
392 77 9
392 15 91
393 68 47
393 50 67
394 36 94
394 71 24
395 67 3
395 55 64
396 77 60
396 61 4
397 50 65
397 14 53
398 2 85
398 19 43
399 5 73
399 61 33
400 61 17
400 30 66
401 54 57
401 30 79
402 52 4
402 37 35
403 60 61
403 68 33
404 72 72
404 12 84
405 59 84
405 54 46
406 16 20
406 13 51
407 93 19
407 19 61
408 52 33
408 11 36
409 65 61
409 39 21
410 83 85
410 23 84
411 70 38
411 28 79
412 50 45
412 4 62
413 77 17
413 7 70
414 58 52
414 63 27
415 34 3
415 10 100
416 96 75
416 80 47
417 9 82
417 24 9
418 58 9
418 83 83
419 43 80
419 68 72
420 16 34
420 32 61
421 75 12
421 38 78
422 51 66
422 32 99
423 15 6
423 34 99
424 16 2
424 94 49
425 60 84
425 49 91
426 48 39
426 41 76
427 14 36
427 90 40
428 35 46
428 35 51
429 54 91
429 55 94
430 36 51
430 71 100
431 57 11
431 91 41
432 98 54
432 43 13
433 67 91
433 7 82
434 91 72
434 54 17
435 84 92
435 5 81
436 75 89
436 4 39
437 78 48
437 24 39
438 51 80
438 89 86
439 22 75
439 79 46
440 15 4
440 82 82
441 40 98
441 59 48
442 82 81
442 79 51
443 56 13
443 29 9
444 85 56
444 85 3
445 77 2
445 13 3
446 71 32
446 68 8
447 7 21
447 36 19
448 54 73
448 16 38
449 5 67
449 32 97
450 72 38
450 75 64
451 8 4
451 35 77
452 22 78
452 43 44
453 81 32
453 84 2
454 84 68
454 96 5
455 33 84
455 88 70
456 40 54
456 3 68
457 87 30
457 71 76
458 90 69
458 21 14
459 17 62
459 9 67
460 96 48
460 94 72
461 8 19
461 3 72
462 9 37
462 48 79
463 2 89
463 48 17
464 15 41
464 60 47
465 39 8
465 18 71
466 97 61
466 79 67
467 21 7
467 62 37
468 85 62
468 79 65
469 38 3
469 27 56
470 54 86
470 16 30
471 72 65
471 34 2
472 86 17
472 24 20
473 34 95
473 5 93
474 81 26
474 22 10
475 97 51
475 58 70
476 57 19
476 78 65
477 85 67
477 7 79
478 93 78
478 13 44
479 85 50
479 78 78
480 1 87
480 16 45
481 22 90
481 70 39
482 42 49
482 4 67
483 1 45
483 82 55
484 84 59
484 14 4
485 40 35
485 42 31
486 100 45
486 34 5
487 67 96
487 10 92
488 82 63
488 30 89
489 33 51
489 36 43
490 3 56
490 10 18
491 60 77
491 30 49
492 97 41
492 47 71
493 20 98
493 85 65
494 47 84
494 66 90
495 15 1
495 7 100
496 41 39
496 58 56
497 65 42
497 81 72
498 78 98
498 83 11
499 63 10
499 71 2
500 40 71
500 67 28
501 35 33
501 68 96
502 66 11
502 46 88
503 84 91
503 14 86
504 46 45
504 1 16
505 97 83
505 54 53
506 39 46
506 86 58
507 58 45
507 77 16
508 46 68
508 23 76
509 87 49
509 50 34
510 42 73
510 90 59
511 93 7
511 24 63
512 47 53
512 48 14
513 74 27
513 64 62
514 28 26
514 15 93
515 93 50
515 5 59
516 32 54
516 5 75
517 66 32
517 87 43
518 69 8
518 93 30
519 58 54
519 84 81
520 90 15
520 35 81
521 57 43
521 74 1
522 32 94
522 10 46
523 33 17
523 83 35
524 44 56
524 87 12
525 13 63
525 27 89
526 90 6
526 64 84
527 7 20
527 50 32
528 29 36
528 80 52
529 21 71
529 90 49
530 68 92
530 12 68
531 11 40
531 72 3
532 69 55
532 92 76
533 41 9
533 42 75
534 43 51
534 15 53
535 2 54
535 53 6
536 93 57
536 63 54
537 78 7
537 60 66
538 72 47
538 2 33
539 20 74
539 56 79
540 68 31
540 12 56
541 3 62
541 2 42
542 78 51
542 40 4
543 100 88
543 51 100
544 68 58
544 98 11
545 80 20
545 76 57
546 65 91
546 21 57
547 65 2
547 50 6
548 41 12
548 45 16
549 13 27
549 95 82
550 26 73
550 56 47
551 49 70
551 38 38
552 34 63
552 95 50
553 55 41
553 67 16
554 97 14
554 62 3
555 89 66
555 74 2
556 57 79
556 98 53
557 36 27
557 62 77
558 5 98
558 55 84
559 45 45
559 22 34
560 15 88
560 73 75
561 67 85
561 95 73
562 63 39
562 46 99
563 77 45
563 63 59
564 36 39
564 31 41
565 53 44
565 2 45
566 84 47
566 54 6
567 99 11
567 52 30
568 36 91
568 46 14
569 90 56
569 50 95
570 41 60
570 87 59
571 98 36
571 8 94
572 32 12
572 13 69
573 45 19
573 98 24
574 35 78
574 55 65
575 11 39
575 87 81
576 33 27
576 59 67
577 32 23
577 84 50
578 24 47
578 21 79
579 12 55
579 72 95
580 77 50
580 25 23
581 79 39
581 78 60
582 90 94
582 2 14
583 49 85
583 82 90
584 8 67
584 54 47
585 54 98
585 51 18
586 49 13
586 26 55
587 34 78
587 42 57
588 62 59
588 8 42
589 76 25
589 62 75
590 95 42
590 55 93
591 20 12
591 5 44
592 56 32
592 18 63
593 22 88
593 61 6
594 12 19
594 52 26
595 54 59
595 40 48
596 20 75
596 55 44
597 3 78
597 70 72
598 97 36
598 53 22
599 11 9
599 18 45
600 46 62
600 31 16
601 11 98
601 63 51
602 70 30
602 59 41
603 60 52
603 64 57
604 38 33
604 4 32
605 62 96
605 76 48
606 7 73
606 74 66
607 63 26
607 27 20
608 86 25
608 60 88
609 29 54
609 5 5
610 20 45
610 51 35
611 27 42
611 35 90
612 90 97
612 62 97
613 100 63
613 46 66
614 18 38
614 78 36
615 79 91
615 62 99
616 49 20
616 29 69
617 32 64
617 59 90
618 50 13
618 82 4
619 60 86
619 40 14
620 97 68
620 67 50
621 66 25
621 75 30
622 21 48
622 60 12
623 50 35
623 39 39
624 2 68
624 96 66
625 81 7
625 88 82
626 53 18
626 40 24
627 52 7
627 58 46
628 29 51
628 95 29
629 48 31
629 96 12
630 35 11
630 1 48
631 42 64
631 13 85
632 29 25
632 94 87
633 94 28
633 15 51
634 63 91
634 34 32
635 68 50
635 37 19
636 81 70
636 61 61
637 92 26
637 98 5
638 94 85
638 46 22
639 41 66
639 82 67
640 61 87
640 48 68
641 62 66
641 72 14
642 75 93
642 28 43
643 89 78
643 73 71
644 83 65
644 69 38
645 82 25
645 84 45
646 97 4
646 60 85
647 64 65
647 94 70
648 6 95
648 68 66
649 24 85
649 87 77
650 58 68
650 4 84
651 73 21
651 35 91
652 84 48
652 70 75
653 84 12
653 54 76
654 87 61
654 78 84
655 82 46
655 75 15
656 20 22
656 28 85
657 58 95
657 33 44
658 20 14
658 48 16
659 70 66
659 39 96
660 55 24
660 79 31
661 22 45
661 41 72
662 6 66
662 57 61
663 30 80
663 74 6
664 65 32
664 53 40
665 79 5
665 76 56
666 95 96
666 80 76
667 85 12
667 17 95
668 99 6
668 1 3
669 48 65
669 96 15
670 27 48
670 64 41
671 52 94
671 70 19
672 40 56
672 14 32
673 56 90
673 80 16
674 6 48
674 96 60
675 97 3
675 90 39
676 56 68
676 12 61
677 37 9
677 17 71
678 87 38
678 26 28
679 91 26
679 37 63
680 8 60
680 56 40
681 53 35
681 80 49
682 55 30
682 90 18
683 17 42
683 34 88
684 84 8
684 55 8
685 17 69
685 40 68
686 11 5
686 13 89
687 23 15
687 15 64
688 39 60
688 82 36
689 75 94
689 75 28
690 82 97
690 19 53
691 65 86
691 38 86
692 99 17
692 86 4
693 36 23
693 25 2
694 21 88
694 36 8
695 35 55
695 1 32
696 40 94
696 49 96
697 24 22
697 94 75
698 72 77
698 23 87
699 22 32
699 43 37
700 83 38
700 100 100
701 66 51
701 90 50
702 95 53
702 59 33
703 92 69
703 83 82
704 52 77
704 39 100
705 81 91
705 89 39
706 23 94
706 100 81
707 89 56
707 10 4
708 39 47
708 28 58
709 75 99
709 23 77
710 67 68
710 96 54
711 94 26
711 23 91
712 87 86
712 37 17
713 2 49
713 75 42
714 5 18
714 29 38
715 87 80
715 56 78
716 54 61
716 80 35
717 54 84
717 53 94
718 29 67
718 23 48
719 13 7
719 67 86
720 39 5
720 31 43
721 87 17
721 79 24
722 88 88
722 29 46
723 87 97
723 32 83
724 4 64
724 93 68
725 31 9
725 48 83
726 8 47
726 79 77
727 74 30
727 49 57
728 81 37
728 61 76
729 33 100
729 56 70
730 44 11
730 47 57
731 70 68
731 72 22
732 9 31
732 74 82
733 92 7
733 63 88
734 95 81
734 11 42
735 9 6
735 81 17
736 83 54
736 4 90
737 46 64
737 91 40
738 11 8
738 6 84
739 45 73
739 41 46
740 89 52
740 95 33
741 13 55
741 3 13
742 97 34
742 73 35
743 4 53
743 59 54
744 24 31
744 47 2
745 40 22
745 11 33
746 20 42
746 94 54
747 70 98
747 10 20
748 82 71
748 94 38
749 20 77
749 82 1
750 25 97
750 84 9
751 25 54
751 80 21
752 30 73
752 23 42
753 40 84
753 44 63
754 93 91
754 53 13
755 32 14
755 36 83
756 45 63
756 26 18
757 33 63
757 90 68
758 25 4
758 9 30
759 22 22
759 11 100
760 69 95
760 18 76
761 100 35
761 2 59
762 22 87
762 50 37
763 73 65
763 41 85
764 38 34
764 49 47
765 87 63
765 76 11
766 72 44
766 74 34
767 95 74
767 11 41
768 27 34
768 88 58
769 22 38
769 37 77
770 100 86
770 79 22
771 12 6
771 60 92
772 23 44
772 46 4
773 10 66
773 55 28
774 46 9
774 76 87
775 72 50
775 23 90
776 49 83
776 44 81
777 9 79
777 82 13
778 5 99
778 88 90
779 74 77
779 59 50
780 47 30
780 74 3
781 28 30
781 9 86
782 27 95
782 41 61
783 96 22
783 21 34
784 89 50
784 22 70
785 30 24
785 88 50
786 3 91
786 83 7
787 27 47
787 17 93
788 92 55
788 31 46
789 34 62
789 22 83
790 25 41
790 85 97
791 57 71
791 28 28
792 10 73
792 47 61
793 42 30
793 17 72
794 50 91
794 20 39
795 15 89
795 31 64
796 39 34
796 37 44
797 75 66
797 13 71
798 62 63
798 71 71
799 64 74
799 59 64
800 88 6
800 57 36
801 46 90
801 11 18
802 83 4
802 22 3
803 36 9
803 98 1
804 60 8
804 30 2
805 7 47
805 32 79
806 96 4
806 52 17
807 53 33
807 35 22
808 22 46
808 90 99
809 66 79
809 27 91
810 10 85
810 95 31
811 65 87
811 49 21
812 97 44
812 58 57
813 39 15
813 25 5
814 95 58
814 35 40
815 84 13
815 5 91
816 6 39
816 39 75
817 44 58
817 42 27
818 97 67
818 3 23
819 18 39
819 4 72
820 69 1
820 87 41
821 77 22
821 28 47
822 79 78
822 100 98
823 99 35
823 34 100
824 95 91
824 54 37
825 6 17
825 59 10
826 100 5
826 60 1
827 78 94
827 85 14
828 48 85
828 65 3
829 46 31
829 65 6
830 9 57
830 51 30
831 81 23
831 45 79
832 86 40
832 5 21
833 75 61
833 20 16
834 58 84
834 94 66
835 97 100
835 29 40
836 28 22
836 3 95
837 11 60
837 42 40
838 70 40
838 67 13
839 100 22
839 94 4
840 63 83
840 29 13
841 37 32
841 80 2
842 82 74
842 54 71
843 58 53
843 31 70
844 25 90
844 38 6
845 20 69
845 72 39
846 54 7
846 51 48
847 26 65
847 58 60
848 51 11
848 56 58
849 79 93
849 79 87
850 3 71
850 87 88
851 40 100
851 53 60
852 14 82
852 4 55
853 87 3
853 35 66
854 25 34
854 59 66
855 46 20
855 76 99
856 22 72
856 25 74
857 95 13
857 14 66
858 46 65
858 79 47
859 71 53
859 16 93
860 94 47
860 93 69
861 2 81
861 85 1
862 74 4
862 39 9
863 93 93
863 97 90
864 86 45
864 8 46
865 91 100
865 38 61
866 98 44
866 41 14
867 63 23
867 39 90
868 71 16
868 39 84
869 86 38
869 9 68
870 81 28
870 22 100
871 63 92
871 30 13
872 80 91
872 33 88
873 88 69
873 85 17
874 70 95
874 86 85
875 3 26
875 65 81
876 73 15
876 83 3
877 96 63
877 47 97
878 68 75
878 85 66
879 23 26
879 89 5
880 24 86
880 23 12
881 63 70
881 74 72
882 81 58
882 22 33
883 74 80
883 7 11
884 86 13
884 29 89
885 48 70
885 98 97
886 45 3
886 79 95
887 43 9
887 82 64
888 95 70
888 70 62
889 73 53
889 30 36
890 80 100
890 39 78
891 9 45
891 1 74
892 74 11
892 8 9
893 53 46
893 96 7
894 74 51
894 71 10
895 44 89
895 23 10
896 70 76
896 65 5
897 33 4
897 86 20
898 75 14
898 19 25
899 19 44
899 30 71
900 78 21
900 12 89
901 48 86
901 62 82
902 55 23
902 75 54
903 45 95
903 75 45
904 43 33
904 62 13
905 97 5
905 23 50
906 93 52
906 80 56
907 81 78
907 97 70
908 87 29
908 69 74
909 52 75
909 3 54
910 27 19
910 46 29
911 4 79
911 49 80
912 14 1
912 48 93
913 26 4
913 90 92
914 10 67
914 68 91
915 31 65
915 53 85
916 92 96
916 21 61
917 31 37
917 33 22
918 51 64
918 45 34
919 75 80
919 96 33
920 13 82
920 13 37
921 78 93
921 47 29
922 93 70
922 74 36
923 72 21
923 71 11
924 57 35
924 87 19
925 74 21
925 41 73
926 16 98
926 69 57
927 68 51
927 60 20
928 86 74
928 54 1
929 84 26
929 94 10
930 46 100
930 36 99
931 92 29
931 46 83
932 56 54
932 29 64
933 84 98
933 13 12
934 35 15
934 10 83
935 89 20
935 91 25
936 59 9
936 97 19
937 49 38
937 26 23
938 68 78
938 46 17
939 8 57
939 53 24
940 24 53
940 14 54
941 45 76
941 78 46
942 87 45
942 32 69
943 38 89
943 51 50
944 8 22
944 77 63
945 99 61
945 41 90
946 2 93
946 65 35
947 49 79
947 37 20
948 65 100
948 86 23
949 83 81
949 91 15
950 72 32
950 97 37
951 95 86
951 50 97
952 69 36
952 86 60
953 3 34
953 88 48
954 75 92
954 64 42
955 79 11
955 26 97
956 43 22
956 82 20
957 20 84
957 54 26
958 32 47
958 55 81
959 43 86
959 30 87
960 81 75
960 26 12
961 54 38
961 20 19
962 66 35
962 54 32
963 3 10
963 98 49
964 65 20
964 25 69
965 71 87
965 8 77
966 48 23
966 48 78
967 89 71
967 32 74
968 49 15
968 31 76
969 26 36
969 85 86
970 94 48
970 93 81
971 100 79
971 21 52
972 87 62
972 75 83
973 66 58
973 54 36
974 38 94
974 66 84
975 91 84
975 73 45
976 47 65
976 8 41
977 5 22
977 46 1
978 37 27
978 52 62
979 25 8
979 39 44
980 86 61
980 29 73
981 10 42
981 33 57
982 9 39
982 10 1
983 13 14
983 32 48
984 100 20
984 77 19
985 21 80
985 15 8
986 73 77
986 29 75
987 54 44
987 4 73
988 6 92
988 13 68
989 87 78
989 100 55
990 45 43
990 26 20
991 79 38
991 22 26
992 53 19
992 83 30
993 42 85
993 11 52
994 4 18
994 19 71
995 46 61
995 17 94
996 67 94
996 61 97
997 42 18
997 53 72
998 74 8
998 80 11
999 35 18
999 2 28
1000 89 24
1000 88 84
1001 59 76
1001 3 7
1002 95 38
1002 14 9
1003 51 86
1003 37 37
1004 18 100
1004 85 92
1005 48 64
1005 34 85
1006 47 31
1006 57 27
1007 36 72
1007 6 2
1008 28 52
1008 50 42
1009 100 38
1009 28 25
1010 5 52
1010 56 7
1011 29 61
1011 74 9
1012 92 13
1012 91 70
1013 38 17
1013 45 1
1014 58 10
1014 20 15
1015 66 15
1015 83 60
1016 45 78
1016 83 59
1017 20 20
1017 96 71
1018 74 75
1018 27 98
1019 94 99
1019 35 44
1020 61 1
1020 54 67
1021 54 63
1021 89 68
1022 39 72
1022 37 71
1023 68 82
1023 62 64
1024 93 15
1024 23 23
1025 57 80
1025 26 86
1026 16 71
1026 68 77
1027 81 86
1027 77 99
1028 45 58
1028 3 17
1029 17 10
1029 20 78
1030 28 21
1030 63 77
1031 39 57
1031 8 69
1032 81 67
1032 95 12
1033 2 98
1033 63 25
1034 54 72
1034 81 100
1035 41 59
1035 19 75
1036 100 50
1036 100 26
1037 100 69
1037 92 42
1038 96 47
1038 2 69
1039 84 41
1039 50 94
1040 38 42
1040 85 54
1041 56 95
1041 20 34
1042 13 16
1042 48 73
1043 78 35
1043 9 3
1044 21 76
1044 72 62
1045 63 66
1045 71 33
1046 93 72
1046 98 33
1047 43 65
1047 39 54
1048 54 30
1048 25 45
1049 66 42
1049 11 72
1050 28 93
1050 43 71
1051 42 41
1051 40 29
1052 97 62
1052 6 83
1053 80 98
1053 60 28
1054 13 38
1054 42 19
1055 63 60
1055 27 92
1056 30 11
1056 68 95
1057 22 42
1057 42 60
1058 16 33
1058 11 74
1059 2 10
1059 21 87
1060 39 68
1060 28 1
1061 58 11
1061 47 6
1062 31 89
1062 44 48
1063 21 25
1063 58 91
1064 30 74
1064 58 5
1065 60 34
1065 83 28
1066 76 36
1066 26 39
1067 29 24
1067 32 77
1068 39 36
1068 34 91
1069 14 87
1069 87 25
1070 10 59
1070 2 23
1071 34 72
1071 74 78
1072 20 9
1072 1 11
1073 43 23
1073 62 19
1074 78 27
1074 27 6
1075 37 82
1075 72 13
1076 35 1
1076 68 85
1077 47 81
1077 94 59
1078 43 95
1078 45 10
1079 54 34
1079 64 13
1080 76 63
1080 62 43
1081 52 8
1081 83 29
1082 45 60
1082 77 1
1083 67 95
1083 46 7
1084 73 30
1084 76 8
1085 18 75
1085 85 71
1086 7 2
1086 9 11
1087 29 77
1087 61 20
1088 17 96
1088 76 50
1089 41 40
1089 78 77
1090 37 13
1090 60 91
1091 49 33
1091 47 78
1092 24 37
1092 28 100
1093 88 34
1093 15 87
1094 20 50
1094 100 73
1095 95 18
1095 44 84
1096 15 14
1096 48 44
1097 2 97
1097 71 78
1098 63 11
1098 16 80
1099 7 34
1099 31 17
1100 84 29
1100 3 45
1101 13 11
1101 54 83
1102 25 79
1102 17 23
1103 57 14
1103 14 70
1104 63 35
1104 59 93
1105 11 38
1105 92 77
1106 92 9
1106 22 95
1107 8 2
1107 81 97
1108 64 35
1108 75 7
1109 42 13
1109 16 49
1110 77 96
1110 1 64
1111 98 70
1111 37 24
1112 3 8
1112 4 11
1113 81 44
1113 59 13
1114 87 66
1114 50 8
1115 8 16
1115 100 75
1116 57 53
1116 63 3
1117 49 63
1117 76 14
1118 79 84
1118 90 43
1119 62 35
1119 48 9
1120 30 32
1120 4 40
1121 29 18
1121 36 52
1122 35 20
1122 26 8
1123 49 43
1123 30 46
1124 13 21
1124 99 23
1125 65 46
1125 40 15
1126 76 27
1126 23 97
1127 33 77
1127 38 75
1128 60 44
1128 20 3
1129 78 42
1129 14 31
1130 70 54
1130 24 19
1131 91 18
1131 94 88
1132 27 53
1132 19 15
1133 39 29
1133 100 30
1134 57 91
1134 16 8
1135 26 9
1135 4 1
1136 21 45
1136 59 71
1137 62 55
1137 87 65
1138 46 33
1138 19 22
1139 21 10
1139 59 25
1140 59 91
1140 49 78
1141 94 14
1141 32 92
1142 97 52
1142 95 54
1143 5 15
1143 40 77
1144 13 87
1144 42 48
1145 24 16
1145 16 23
1146 1 17
1146 78 2
1147 6 77
1147 20 89
1148 10 51
1148 3 12
1149 69 89
1149 23 61
1150 64 98
1150 19 4
1151 74 17
1151 28 12
1152 51 36
1152 76 40
1153 13 42
1153 94 64
1154 3 35
1154 29 8
1155 48 87
1155 21 5
1156 97 2
1156 20 41
1157 37 14
1157 52 50
1158 30 50
1158 22 84
1159 71 20
1159 91 39
1160 47 59
1160 74 25
1161 95 59
1161 55 12
1162 95 14
1162 44 82
1163 63 47
1163 8 62
1164 85 19
1164 66 54
1165 49 86
1165 18 48
1166 9 4
1166 20 80
1167 5 54
1167 82 98
1168 3 21
1168 61 79
1169 59 60
1169 88 17
1170 16 67
1170 51 54
1171 38 28
1171 12 40
1172 15 2
1172 17 9
1173 23 89
1173 100 4
1174 1 44
1174 14 41
1175 16 68
1175 7 46
1176 48 33
1176 15 5
1177 93 61
1177 59 55
1178 100 91
1178 68 9
1179 38 100
1179 64 28
1180 5 39
1180 90 63
1181 88 96
1181 96 67
1182 32 25
1182 33 3
1183 12 12
1183 55 73
1184 15 83
1184 16 81
1185 21 77
1185 43 73
1186 27 85
1186 68 40
1187 20 29
1187 82 2
1188 76 61
1188 15 23
1189 13 62
1189 52 87
1190 17 68
1190 43 82
1191 12 73
1191 97 55
1192 48 58
1192 82 38
1193 69 20
1193 19 93
1194 31 3
1194 24 56
1195 16 28
1195 74 18
1196 3 60
1196 96 42
1197 13 23
1197 62 65
1198 98 55
1198 98 30
1199 61 82
1199 37 93
1200 7 68
1200 16 40
1201 13 81
1201 75 16
1202 47 88
1202 19 33
1203 4 89
1203 76 80
1204 11 14
1204 43 15
1205 89 53
1205 21 2
1206 14 88
1206 24 59
1207 93 48
1207 61 55
1208 84 93
1208 73 88
1209 27 39
1209 51 34
1210 53 84
1210 99 21
1211 49 88
1211 49 97
1212 55 89
1212 90 13
1213 100 93
1213 34 60
1214 80 94
1214 42 76
1215 90 8
1215 39 65
1216 68 30
1216 3 36
1217 61 91
1217 85 52
1218 92 45
1218 62 4
1219 98 92
1219 67 87
1220 69 88
1220 71 30
1221 58 8
1221 86 100
1222 44 57
1222 87 64
1223 81 48
1223 87 51
1224 7 37
1224 77 24
1225 29 17
1225 67 4
1226 25 73
1226 67 64
1227 4 20
1227 66 60
1228 19 97
1228 19 16
1229 82 37
1229 13 24
1230 73 55
1230 33 83
1231 96 2
1231 38 80
1232 32 24
1232 59 37
1233 2 40
1233 74 24
1234 30 85
1234 90 2
1235 35 16
1235 84 5
1236 86 34
1236 4 50
1237 70 25
1237 5 37
1238 49 9
1238 81 62
1239 18 1
1239 49 84
1240 46 98
1240 19 18
1241 55 69
1241 61 26
1242 7 81
1242 47 11
1243 2 96
1243 76 81
1244 37 12
1244 23 68
1245 30 20
1245 29 35
1246 35 37
1246 40 53
1247 15 58
1247 37 98
1248 36 82
1248 57 15
1249 34 57
1249 94 3
1250 86 9
1250 92 56
1251 74 79
1251 89 3
1252 98 60
1252 4 66
1253 56 94
1253 9 26
1254 55 62
1254 86 69
1255 92 12
1255 51 70
1256 80 63
1256 29 39
1257 19 5
1257 34 80
1258 65 48
1258 26 31
1259 38 18
1259 94 5
1260 91 98
1260 87 24
1261 36 95
1261 71 69
1262 2 12
1262 94 55
1263 7 26
1263 10 16
1264 41 53
1264 47 34
1265 49 17
1265 36 33
1266 96 88
1266 17 22
1267 48 49
1267 71 61
1268 91 45
1268 75 88
1269 51 2
1269 65 63
1270 34 96
1270 41 75
1271 40 12
1271 46 10
1272 99 13
1272 42 35
1273 99 74
1273 17 19
1274 32 10
1274 88 62
1275 49 93
1275 90 7
1276 46 36
1276 27 80
1277 35 69
1277 14 49
1278 32 21
1278 37 30
1279 95 8
1279 19 66
1280 20 83
1280 75 82
1281 63 67
1281 54 68
1282 50 70
1282 68 93
1283 83 42
1283 31 1
1284 99 88
1284 9 14
1285 61 46
1285 19 73
1286 43 89
1286 8 3
1287 2 94
1287 51 65
1288 65 82
1288 77 69
1289 50 88
1289 77 40
1290 51 76
1290 28 34
1291 38 26
1291 62 83
1292 46 74
1292 62 23
1293 75 38
1293 84 65
1294 11 32
1294 72 74
1295 82 58
1295 4 87
1296 15 100
1296 34 4
1297 54 94
1297 15 17
1298 57 78
1298 27 23
1299 64 43
1299 16 85
1300 68 2
1300 8 63
1301 38 90
1301 25 11
1302 44 78
1302 23 75
1303 88 13
1303 14 74
1304 18 54
1304 32 2
1305 100 9
1305 67 63
1306 33 32
1306 79 72
1307 35 38
1307 39 89
1308 59 30
1308 32 89
1309 36 97
1309 30 56
1310 3 49
1310 62 45
1311 67 72
1311 34 83
1312 44 71
1312 92 60
1313 47 70
1313 95 64
1314 55 29
1314 60 64
1315 61 75
1315 80 58
1316 17 40
1316 60 65
1317 2 8
1317 25 72
1318 51 1
1318 43 75
1319 74 86
1319 36 16
1320 59 68
1320 51 24
1321 23 55
1321 83 16
1322 6 8
1322 19 79
1323 57 47
1323 50 36
1324 3 20
1324 95 36
1325 22 39
1325 79 8
1326 69 4
1326 42 16
1327 42 12
1327 25 59
1328 47 55
1328 4 94
1329 64 37
1329 14 98
1330 18 10
1330 35 72
1331 67 89
1331 71 72
1332 53 98
1332 58 63
1333 52 39
1333 94 1
1334 20 31
1334 92 39
1335 86 77
1335 75 13
1336 96 43
1336 50 61
1337 93 33
1337 75 63
1338 55 98
1338 6 89
1339 28 94
1339 59 34
1340 24 42
1340 93 45
1341 34 33
1341 58 67
1342 16 26
1342 52 55
1343 82 35
1343 9 62
1344 83 58
1344 26 3
1345 60 99
1345 29 96
1346 66 5
1346 35 56
1347 18 82
1347 41 27
1348 18 73
1348 91 46
1349 37 68
1349 20 4
1350 80 37
1350 52 9
1351 39 97
1351 82 8
1352 79 36
1352 66 71
1353 65 23
1353 33 37
1354 15 16
1354 100 16
1355 69 30
1355 3 98
1356 62 27
1356 43 68
1357 73 44
1357 54 42
1358 74 12
1358 5 10
1359 75 75
1359 10 30
1360 23 17
1360 2 91
1361 97 98
1361 84 11
1362 37 23
1362 66 67
1363 9 8
1363 55 20
1364 93 11
1364 65 37
1365 97 65
1365 84 87
1366 10 12
1366 31 100
1367 47 85
1367 28 56
1368 56 55
1368 31 94
1369 24 29
1369 27 64
1370 74 44
1370 15 63
1371 79 99
1371 28 19
1372 31 75
1372 5 47
1373 90 98
1373 1 37
1374 4 54
1374 28 48
1375 68 74
1375 87 7
1376 31 58
1376 45 36
1377 43 48
1377 73 3
1378 19 74
1378 32 49
1379 79 49
1379 31 14
1380 51 20
1380 15 40
1381 14 35
1381 66 94
1382 10 81
1382 19 69
1383 26 57
1383 83 69
1384 80 36
1384 87 44
1385 48 99
1385 20 26
1386 46 23
1386 82 91
1387 62 14
1387 87 58
1388 12 74
1388 3 57
1389 32 20
1389 37 99
1390 26 17
1390 99 44
1391 52 100
1391 32 15
1392 65 95
1392 19 2
1393 96 52
1393 46 95
1394 88 51
1394 66 26
1395 10 29
1395 33 48
1396 14 51
1396 54 99
1397 8 38
1397 93 21
1398 5 80
1398 62 44
1399 75 57
1399 13 19
1400 64 15
1400 1 5
1401 53 74
1401 51 78
1402 46 19
1402 1 59
1403 63 30
1403 99 85
1404 22 24
1404 15 22
1405 3 80
1405 11 20
1406 63 13
1406 35 57
1407 62 58
1407 40 49
1408 25 93
1408 91 13
1409 77 78
1409 35 42
1410 49 54
1410 100 66
1411 46 11
1411 38 66
1412 33 98
1412 80 80
1413 99 46
1413 53 15
1414 43 54
1414 7 84
1415 39 41
1415 97 22
1416 20 46
1416 32 68
1417 69 87
1417 88 64
1418 48 54
1418 27 84
1419 51 44
1419 100 97
1420 49 82
1420 50 75
1421 74 43
1421 84 23
1422 87 76
1422 85 22
1423 77 59
1423 41 4
1424 95 63
1424 3 89
1425 92 93
1425 35 8
1426 61 5
1426 31 84
1427 95 90
1427 92 32
1428 75 51
1428 9 81
1429 74 54
1429 80 46
1430 36 13
1430 94 83
1431 11 79
1431 4 60
1432 28 72
1432 95 69
1433 26 5
1433 56 43
1434 32 8
1434 85 90
1435 45 31
1435 42 54
1436 87 95
1436 50 47
1437 98 76
1437 58 51
1438 48 88
1438 23 34
1439 11 94
1439 11 68
1440 32 31
1440 86 70
1441 59 23
1441 64 58
1442 64 16
1442 14 45
1443 6 54
1443 18 6
1444 5 43
1444 62 2
1445 11 12
1445 36 46
1446 90 28
1446 5 19
1447 87 75
1447 82 31
1448 1 51
1448 50 69
1449 1 54
1449 88 87
1450 58 49
1450 60 68
1451 64 33
1451 20 30
1452 81 77
1452 98 34
1453 56 99
1453 43 10
1454 44 65
1454 86 54
1455 11 22
1455 40 67
1456 98 52
1456 86 65
1457 30 35
1457 2 41
1458 67 45
1458 8 68
1459 16 73
1459 19 80
1460 55 71
1460 13 60
1461 9 9
1461 92 30
1462 10 8
1462 9 91
1463 92 20
1463 37 16
1464 26 80
1464 1 77
1465 52 66
1465 23 33
1466 94 79
1466 16 65
1467 91 67
1467 77 71
1468 24 100
1468 96 84
1469 76 73
1469 71 34
1470 11 17
1470 18 8
1471 7 9
1471 41 65
1472 74 50
1472 64 94
1473 70 15
1473 9 48
1474 90 41
1474 85 5
1475 95 57
1475 68 24
1476 48 60
1476 67 23
1477 67 5
1477 54 92
1478 25 24
1478 83 50
1479 12 83
1479 93 67
1480 2 75
1480 67 14
1481 91 48
1481 80 17
1482 63 18
1482 37 79
1483 44 75
1483 89 22
1484 33 5
1484 8 80
1485 7 61
1485 4 47
1486 81 69
1486 75 65
1487 15 48
1487 47 67
1488 62 51
1488 6 88
1489 34 90
1489 20 27
1490 27 38
1490 71 56
1491 15 66
1491 40 17
1492 73 40
1492 34 82
1493 11 47
1493 95 35
1494 65 7
1494 49 66
1495 56 60
1495 41 58
1496 23 85
1496 57 2
1497 80 18
1497 23 82
1498 28 42
1498 46 39
1499 25 83
1499 66 8
1500 6 82
1500 46 82
1501 27 87
1501 92 78
1502 30 76
1502 9 100
1503 4 14
1503 90 60
1504 5 84
1504 38 67
1505 79 70
1505 56 53
1506 16 78
1506 85 95
1507 84 60
1507 57 86
1508 37 94
1508 13 65
1509 71 35
1509 85 9
1510 77 31
1510 13 28
1511 36 77
1511 40 38
1512 10 70
1512 82 57
1513 94 8
1513 33 46
1514 97 91
1514 28 57
1515 89 29
1515 98 95
1516 8 99
1516 77 67
1517 3 90
1517 42 7
1518 28 5
1518 95 76
1519 53 78
1519 51 91
1520 80 48
1520 41 94
1521 42 1
1521 12 14
1522 42 74
1522 26 92
1523 60 87
1523 45 59
1524 14 96
1524 28 86
1525 45 82
1525 85 27
1526 93 49
1526 6 59
1527 18 29
1527 44 45
1528 4 46
1528 20 73
1529 83 57
1529 91 31
1530 91 73
1530 55 56
1531 1 21
1531 73 66
1532 78 31
1532 49 32
1533 66 49
1533 52 81
1534 37 58
1534 24 7
1535 78 95
1535 37 8
1536 74 91
1536 68 55
1537 43 45
1537 38 73
1538 67 82
1538 100 64
1539 99 77
1539 94 78
1540 76 15
1540 80 92
1541 29 84
1541 3 2
1542 81 2
1542 1 27
1543 53 37
1543 89 51
1544 61 12
1544 8 73
1545 35 35
1545 8 52
1546 91 78
1546 21 36
1547 85 53
1547 54 39
1548 65 34
1548 48 80
1549 6 36
1549 64 76
1550 49 75
1550 32 75
1551 40 37
1551 37 48
1552 20 59
1552 5 2
1553 57 96
1553 62 1
1554 60 79
1554 77 28
1555 95 40
1555 8 93
1556 56 65
1556 93 76
1557 52 21
1557 1 8
1558 38 52
1558 19 19
1559 94 21
1559 99 53
1560 86 92
1560 82 39
1561 30 18
1561 55 5
1562 50 78
1562 41 23
1563 67 1
1563 64 97
1564 2 88
1564 98 29
1565 78 13
1565 87 31
1566 71 14
1566 7 24
1567 91 24
1567 99 18
1568 23 86
1568 12 27
1569 8 65
1569 77 83
1570 91 59
1570 76 86
1571 35 6
1571 18 36
1572 6 86
1572 47 75
1573 71 96
1573 73 49
1574 23 72
1574 59 73
1575 63 78
1575 8 1
1576 94 40
1576 61 19
1577 78 81
1577 16 76
1578 32 38
1578 57 83
1579 54 8
1579 27 30
1580 47 5
1580 100 12
1581 62 33
1581 10 24
1582 52 53
1582 20 72
1583 90 37
1583 27 10
1584 77 54
1584 33 52
1585 11 11
1585 77 58
1586 96 20
1586 86 53
1587 37 1
1587 20 10
1588 42 83
1588 64 38
1589 59 74
1589 61 38
1590 22 9
1590 75 10
1591 68 16
1591 15 90
1592 97 60
1592 85 42
1593 73 62
1593 57 5
1594 24 34
1594 94 71
1595 89 17
1595 62 90
1596 92 50
1596 23 73
1597 66 99
1597 94 7
1598 48 4
1598 79 63
1599 29 10
1599 58 66
1600 41 81
1600 44 55
1601 2 95
1601 65 13
1602 92 3
1602 8 27
1603 34 98
1603 83 37
1604 16 58
1604 80 54
1605 8 50
1605 43 93
1606 63 97
1606 1 10
1607 26 100
1607 36 85
1608 15 98
1608 6 94
1609 13 75
1609 71 13
1610 27 49
1610 90 48
1611 96 94
1611 56 34
1612 38 29
1612 38 77
1613 42 32
1613 70 42
1614 71 79
1614 35 17
1615 64 54
1615 62 30
1616 31 44
1616 100 44
1617 76 23
1617 72 12
1618 58 16
1618 91 54
1619 54 29
1619 63 74
1620 95 93
1620 36 38
1621 74 46
1621 100 78
1622 99 75
1622 31 96
1623 18 51
1623 49 60
1624 89 30
1624 30 55
1625 88 74
1625 72 88
1626 70 89
1626 9 1
1627 57 34
1627 45 5
1628 60 9
1628 44 99
1629 18 41
1629 47 17
1630 17 79
1630 45 48
1631 17 52
1631 54 41
1632 46 89
1632 89 4
1633 26 98
1633 21 46
1634 82 7
1634 81 8
1635 94 76
1635 72 45
1636 13 29
1636 21 32
1637 2 83
1637 22 80
1638 62 53
1638 30 30
1639 11 81
1639 74 87
1640 8 58
1640 51 69
1641 16 27
1641 80 5
1642 56 36
1642 76 58
1643 91 69
1643 3 74
1644 26 64
1644 15 59
1645 20 70
1645 86 87
1646 11 85
1646 60 18
1647 20 35
1647 1 4
1648 21 94
1648 77 75
1649 59 47
1649 24 12
1650 77 39
1650 81 81
1651 76 3
1651 95 24
1652 94 37
1652 63 24
1653 45 30
1653 61 9
1654 19 62
1654 3 67
1655 100 23
1655 9 40
1656 22 73
1656 7 60
1657 40 25
1657 40 6
1658 46 75
1658 20 68
1659 43 94
1659 63 14
1660 36 48
1660 98 88
1661 78 14
1661 62 69
1662 99 64
1662 19 96
1663 57 40
1663 38 37
1664 14 68
1664 78 87
1665 68 64
1665 57 3
1666 43 67
1666 82 14
1667 50 84
1667 56 81
1668 91 51
1668 40 73
1669 90 47
1669 2 37
1670 55 14
1670 20 13
1671 29 31
1671 17 82
1672 49 10
1672 88 7
1673 16 12
1673 89 75
1674 89 8
1674 18 5
1675 17 57
1675 98 65
1676 43 53
1676 15 56
1677 6 50
1677 40 23
1678 59 1
1678 11 23
1679 10 98
1679 11 25
1680 5 56
1680 92 14
1681 40 16
1681 90 14
1682 7 22
1682 64 21
1683 5 65
1683 4 45
1684 96 16
1684 78 72
1685 44 79
1685 44 73
1686 58 37
1686 12 62
1687 45 85
1687 89 48
1688 94 67
1688 47 47
1689 98 27
1689 50 23
1690 69 72
1690 92 88
1691 83 93
1691 6 81
1692 97 9
1692 65 74
1693 87 32
1693 33 26
1694 48 56
1694 23 32
1695 84 7
1695 55 70
1696 100 19
1696 40 97
1697 21 13
1697 17 2
1698 38 48
1698 66 89
1699 64 92
1699 43 66
1700 19 54
1700 78 68
1701 99 58
1701 15 11
1702 86 14
1702 7 5
1703 95 11
1703 88 63
1704 41 100
1704 5 86
1705 82 96
1705 61 29
1706 97 32
1706 38 85
1707 26 91
1707 89 32
1708 32 5
1708 30 17
1709 23 20
1709 64 93
1710 97 24
1710 42 93
1711 83 75
1711 100 62
1712 82 79
1712 36 37
1713 7 18
1713 89 7
1714 99 26
1714 31 74
1715 33 24
1715 14 34
1716 49 24
1716 67 21
1717 72 25
1717 61 72
1718 43 32
1718 100 31
1719 85 63
1719 4 41
1720 94 33
1720 67 73
1721 41 31
1721 61 10
1722 13 86
1722 9 61
1723 31 32
1723 88 56
1724 2 44
1724 47 80
1725 33 75
1725 24 52
1726 36 28
1726 13 30
1727 35 82
1727 48 40
1728 4 95
1728 23 60
1729 10 74
1729 6 42
1730 39 11
1730 61 96
1731 89 11
1731 94 56
1732 99 16
1732 7 72
1733 22 93
1733 23 78
1734 61 45
1734 1 88
1735 1 40
1735 100 7
1736 80 31
1736 6 63
1737 54 74
1737 66 69
1738 40 92
1738 34 58
1739 92 15
1739 66 33
1740 79 43
1740 57 50
1741 53 29
1741 90 72
1742 45 42
1742 6 93
1743 94 25
1743 55 55
1744 42 33
1744 54 23
1745 96 70
1745 90 70
1746 54 95
1746 65 60
1747 87 72
1747 100 47
1748 26 34
1748 32 86
1749 4 44
1749 65 71
1750 100 8
1750 88 22
1751 46 37
1751 56 59
1752 77 51
1752 89 40
1753 69 47
1753 76 66
1754 78 39
1754 87 37
1755 42 63
1755 78 1
1756 66 52
1756 84 73
1757 98 39
1757 17 74
1758 34 48
1758 22 43
1759 54 5
1759 52 24
1760 14 85
1760 84 36
1761 4 78
1761 74 70
1762 71 51
1762 49 29
1763 62 100
1763 89 65
1764 91 9
1764 70 26
1765 56 3
1765 14 62
1766 14 79
1766 53 20
1767 63 37
1767 69 51
1768 81 33
1768 65 50
1769 61 62
1769 3 65
1770 89 83
1770 35 79
1771 3 69
1771 94 2
1772 83 63
1772 37 60
1773 48 12
1773 63 6
1774 91 81
1774 38 57
1775 2 35
1775 98 45
1776 25 92
1776 99 82
1777 67 9
1777 91 62
1778 52 68
1778 11 34
1779 76 49
1779 85 21
1780 32 84
1780 92 10
1781 74 71
1781 6 30
1782 89 61
1782 22 55
1783 68 89
1783 37 74
1784 6 31
1784 89 42
1785 33 8
1785 57 75
1786 94 22
1786 55 6
1787 63 61
1787 91 42
1788 35 86
1788 100 48
1789 12 75
1789 58 43
1790 58 42
1790 81 50
1791 74 92
1791 48 67
1792 24 26
1792 25 6
1793 24 18
1793 34 36
1794 13 84
1794 67 80
1795 76 72
1795 99 65
1796 31 25
1796 98 48
1797 40 45
1797 9 85
1798 48 25
1798 3 82
1799 98 85
1799 30 43
1800 50 4
1800 14 44
1801 81 51
1801 8 5
1802 20 53
1802 91 7
1803 51 47
1803 54 14
1804 16 11
1804 19 94
1805 97 69
1805 44 4
1806 58 75
1806 69 59
1807 54 64
1807 52 35
1808 7 42
1808 45 99
1809 34 45
1809 3 73
1810 5 23
1810 59 58
1811 26 52
1811 2 66
1812 67 19
1812 89 44
1813 91 57
1813 15 62
1814 4 63
1814 34 24
1815 71 21
1815 98 50
1816 68 5
1816 83 52
1817 50 24
1817 46 84
1818 68 83
1818 92 74
1819 100 76
1819 68 90
1820 61 22
1820 25 42
1821 54 21
1821 16 61
1822 49 37
1822 35 87
1823 23 16
1823 23 19
1824 78 100
1824 13 72
1825 58 71
1825 54 82
1826 10 44
1826 79 100
1827 43 28
1827 7 59
1828 23 63
1828 77 27
1829 4 93
1829 29 72
1830 43 92
1830 31 78
1831 29 11
1831 31 69
1832 19 76
1832 25 70
1833 18 74
1833 44 27
1834 71 50
1834 4 31
1835 7 66
1835 23 57
1836 28 97
1836 99 3
1837 95 30
1837 25 94
1838 80 14
1838 94 52
1839 7 15
1839 33 1
1840 58 76
1840 53 34
1841 3 96
1841 62 36
1842 23 99
1842 5 45
1843 59 5
1843 61 15
1844 54 70
1844 27 13
1845 37 7
1845 63 7
1846 30 99
1846 50 39
1847 14 76
1847 5 78
1848 98 14
1848 72 60
1849 10 94
1849 46 16
1850 52 49
1850 19 35
1851 26 88
1851 80 67
1852 81 34
1852 4 82
1853 29 26
1853 60 46
1854 1 47
1854 54 56
1855 52 41
1855 72 78
1856 5 90
1856 31 39
1857 82 48
1857 16 16
1858 46 50
1858 39 26
1859 53 81
1859 73 28
1860 91 16
1860 1 53
1861 69 50
1861 12 72
1862 76 22
1862 26 47
1863 24 28
1863 16 96
1864 63 85
1864 76 74
1865 66 95
1865 4 15
1866 10 53
1866 19 36
1867 66 80
1867 42 6
1868 35 32
1868 52 91
1869 17 76
1869 37 40
1870 31 50
1870 65 14
1871 38 82
1871 92 79
1872 74 45
1872 7 89
1873 16 79
1873 58 85
1874 15 34
1874 31 53
1875 59 52
1875 55 99
1876 58 65
1876 77 25
1877 50 2
1877 95 94
1878 19 27
1878 44 6
1879 45 27
1879 57 95
1880 73 50
1880 29 19
1881 71 19
1881 9 18
1882 32 22
1882 12 13
1883 85 75
1883 74 56
1884 43 36
1884 92 23
1885 58 40
1885 78 38
1886 92 24
1886 76 35
1887 39 30
1887 54 43
1888 61 81
1888 46 85
1889 42 80
1889 34 26
1890 71 90
1890 53 1
1891 97 59
1891 2 78
1892 20 33
1892 48 100
1893 58 20
1893 91 30
1894 87 33
1894 6 25
1895 12 96
1895 26 33
1896 68 21
1896 19 65
1897 15 82
1897 32 26
1898 86 76
1898 30 15
1899 24 32
1899 82 59
1900 33 55
1900 72 9
1901 99 50
1901 76 51
1902 14 89
1902 81 95
1903 47 44
1903 26 82
1904 54 31
1904 18 70
1905 66 37
1905 90 76
1906 14 67
1906 50 31
1907 97 29
1907 23 41
1908 37 43
1908 38 88
1909 3 93
1909 89 19
1910 23 81
1910 60 50
1911 17 20
1911 54 60
1912 9 96
1912 98 72
1913 92 57
1913 3 97
1914 10 54
1914 22 30
1915 91 71
1915 56 57
1916 51 88
1916 44 83
1917 62 6
1917 21 3
1918 6 46
1918 8 84
1919 73 80
1919 86 24
1920 39 48
1920 47 99
1921 96 96
1921 22 76
1922 92 72
1922 82 100
1923 99 8
1923 55 63
1924 40 32
1924 46 55
1925 45 74
1925 57 56
1926 95 2
1926 100 59
1927 15 97
1927 28 6
1928 30 40
1928 7 96
1929 84 90
1929 98 18
1930 21 78
1930 13 34
1931 59 17
1931 14 39
1932 67 39
1932 8 72
1933 39 43
1933 2 65
1934 82 3
1934 21 22
1935 9 64
1935 44 21
1936 42 97
1936 60 78
1937 15 72
1937 67 17
1938 27 97
1938 26 14
1939 83 67
1939 25 25
1940 94 91
1940 88 78
1941 45 86
1941 5 51
1942 60 35
1942 90 83
1943 58 96
1943 42 52
1944 73 41
1944 22 15
1945 79 68
1945 62 17
1946 79 25
1946 100 41
1947 22 77
1947 17 3
1948 58 44
1948 53 49
1949 33 67
1949 28 23
1950 22 21
1950 96 64
1951 72 64
1951 46 44
1952 97 82
1952 77 85
1953 87 52
1953 55 67
1954 8 23
1954 78 49
1955 73 22
1955 26 74
1956 89 87
1956 55 72
1957 50 12
1957 94 86
1958 95 75
1958 25 13
1959 76 39
1959 96 68
1960 2 79
1960 67 66
1961 7 69
1961 14 16
1962 83 89
1962 15 36
1963 6 22
1963 79 2
1964 71 49
1964 15 45
1965 13 92
1965 69 60
1966 61 71
1966 97 20
1967 50 50
1967 76 98
1968 17 39
1968 27 26
1969 31 6
1969 98 9
1970 58 89
1970 86 67
1971 90 81
1971 90 57
1972 48 36
1972 73 97
1973 83 26
1973 56 6
1974 90 64
1974 66 72
1975 96 40
1975 12 99
1976 99 76
1976 55 83
1977 14 30
1977 71 91
1978 97 23
1978 6 20
1979 96 8
1979 28 66
1980 97 33
1980 72 92
1981 60 59
1981 97 12
1982 72 34
1982 59 82
1983 51 9
1983 63 75
1984 43 88
1984 1 75
1985 21 9
1985 83 9
1986 63 68
1986 53 93
1987 30 5
1987 32 34
1988 7 1
1988 99 92
1989 91 96
1989 42 66
1990 68 62
1990 20 36
1991 17 1
1991 24 71
1992 29 86
1992 43 12
1993 30 69
1993 56 12
1994 47 50
1994 89 55
1995 65 18
1995 14 52
1996 54 40
1996 27 21
1997 73 68
1997 22 94
1998 13 25
1998 46 71
1999 27 7
1999 57 39
2000 71 42
2000 61 23
