100
100
1 90 87
1 92 31
2 30 22
2 19 35
3 80 17
3 1 24
4 79 99
4 83 28
5 17 5
5 42 27
6 6 89
6 26 23
7 15 12
7 5 48
8 95 22
8 47 46
9 33 42
9 59 1
10 99 61
10 78 57
11 98 79
11 14 25
12 75 42
12 76 55
13 54 84
13 44 20
14 77 5
14 32 43
15 92 87
15 61 33
16 8 48
16 78 25
17 91 55
17 49 9
18 64 30
18 37 65
19 53 29
19 90 1
20 66 69
20 99 57
21 100 59
21 83 87
22 65 10
22 26 34
23 21 76
23 8 7
24 16 100
24 13 70
25 61 86
25 39 94
26 55 59
26 23 99
27 64 94
27 66 98
28 6 33
28 10 52
29 61 43
29 60 4
30 69 15
30 62 97
31 33 91
31 24 3
32 47 87
32 70 14
33 12 31
33 66 61
34 71 46
34 20 31
35 18 41
35 54 66
36 2 3
36 76 4
37 74 76
37 38 31
38 1 56
38 50 5
39 64 52
39 9 5
40 22 90
40 90 4
41 97 43
41 12 75
42 28 76
42 45 9
43 13 67
43 46 1
44 94 62
44 53 66
45 2 62
45 32 91
46 35 69
46 17 52
47 40 77
47 22 69
48 99 54
48 20 43
49 94 55
49 2 49
50 97 72
50 7 46
51 80 50
51 73 44
52 7 30
52 47 69
53 20 81
53 40 51
54 19 70
54 65 83
55 67 3
55 81 43
56 19 61
56 90 56
57 16 96
57 44 71
58 87 52
58 79 92
59 37 18
59 1 41
60 26 41
60 73 22
61 50 91
61 82 37
62 79 10
62 31 7
63 65 55
63 2 99
64 27 46
64 91 4
65 14 18
65 9 7
66 60 50
66 28 41
67 34 80
67 83 89
68 86 72
68 27 87
69 35 5
69 66 40
70 7 87
70 7 99
71 27 92
71 69 71
72 12 45
72 81 38
73 97 87
73 72 73
74 98 24
74 67 99
75 27 63
75 73 75
76 4 89
76 40 44
77 55 68
77 23 25
78 7 63
78 91 88
79 25 1
79 80 54
80 65 45
80 6 64
81 8 85
81 85 76
82 94 41
82 23 81
83 36 74
83 53 42
84 25 69
84 87 18
85 43 11
85 11 82
86 84 91
86 59 88
87 85 27
87 43 8
88 20 54
88 72 13
89 15 38
89 21 14
90 3 45
90 48 15
91 97 15
91 19 63
92 57 76
92 48 1
93 71 21
93 37 26
94 94 24
94 19 12
95 93 37
95 21 18
96 15 49
96 49 44
97 38 12
97 60 38
98 18 45
98 57 68
99 25 65
99 11 94
100 71 81
100 48 98
