100
500
1 5 51
1 49 67
2 90 65
2 22 83
3 27 7
3 19 48
4 99 87
4 15 35
5 12 58
5 95 57
6 74 61
6 81 25
7 3 59
7 88 12
8 59 100
8 80 1
9 83 92
9 9 89
10 87 14
10 67 43
11 37 58
11 9 100
12 77 64
12 32 6
13 28 49
13 28 73
14 50 35
14 26 44
15 57 56
15 42 43
16 60 8
16 47 80
17 98 54
17 35 71
18 89 25
18 32 85
19 64 29
19 39 25
20 7 50
20 90 30
21 44 69
21 96 43
22 45 21
22 90 72
23 64 81
23 60 3
24 35 27
24 7 37
25 27 97
25 89 31
26 36 67
26 58 53
27 96 52
27 33 23
28 58 70
28 56 53
29 6 92
29 88 7
30 15 94
30 56 64
31 89 16
31 3 24
32 16 46
32 13 4
33 17 47
33 18 18
34 93 2
34 92 49
35 67 34
35 38 97
36 87 84
36 66 21
37 63 42
37 69 72
38 23 83
38 94 10
39 67 75
39 78 83
40 73 81
40 57 78
41 90 8
41 40 45
42 7 32
42 54 22
43 36 9
43 63 29
44 99 61
44 90 77
45 30 53
45 50 32
46 7 61
46 26 22
47 4 51
47 98 49
48 36 86
48 30 80
49 66 96
49 88 50
50 91 95
50 99 40
51 51 52
51 1 72
52 6 40
52 36 77
53 89 14
53 20 8
54 72 56
54 35 69
55 32 13
55 50 52
56 93 38
56 56 95
57 65 52
57 82 12
58 85 3
58 1 5
59 66 30
59 59 73
60 99 20
60 21 72
61 47 84
61 28 19
62 54 99
62 26 17
63 36 70
63 50 80
64 86 90
64 30 25
65 2 12
65 32 79
66 30 23
66 17 41
67 82 1
67 2 32
68 57 24
68 19 39
69 42 66
69 30 34
70 70 74
70 84 91
71 77 78
71 13 94
72 33 81
72 87 4
73 88 65
73 13 11
74 95 40
74 53 60
75 82 6
75 53 36
76 49 62
76 14 58
77 59 99
77 32 53
78 95 75
78 21 85
79 38 71
79 93 51
80 17 57
80 84 57
81 6 31
81 78 63
82 27 34
82 47 78
83 100 95
83 59 65
84 57 38
84 40 70
85 92 32
85 96 59
86 87 6
86 7 69
87 72 13
87 75 25
88 50 42
88 56 21
89 66 49
89 40 60
90 69 98
90 77 62
91 100 31
91 43 30
92 90 38
92 31 92
93 96 9
93 87 78
94 77 70
94 41 71
95 91 18
95 88 17
96 77 75
96 4 44
97 60 66
97 83 41
98 81 94
98 60 79
99 24 41
99 41 81
100 24 53
100 65 27
101 77 13
101 92 87
102 86 36
102 72 27
103 13 21
103 87 71
104 34 84
104 98 6
105 29 7
105 76 39
106 35 55
106 53 24
107 48 98
107 25 15
108 85 32
108 81 59
109 18 16
109 88 77
110 91 42
110 58 32
111 58 78
111 94 22
112 12 1
112 36 43
113 19 89
113 36 14
114 89 57
114 27 80
115 100 13
115 55 61
116 33 29
116 82 3
117 57 90
117 59 87
118 50 68
118 14 29
119 97 5
119 23 2
120 6 75
120 97 53
121 53 95
121 16 84
122 99 81
122 59 2
123 22 32
123 59 12
124 58 11
124 96 12
125 37 41
125 28 53
126 8 49
126 62 83
127 26 63
127 80 71
128 33 45
128 49 55
129 40 22
129 65 75
130 15 79
130 63 36
131 43 98
131 100 58
132 80 79
132 6 62
133 55 81
133 91 70
134 12 9
134 78 85
135 88 83
135 79 42
136 41 77
136 72 74
137 60 10
137 68 85
138 41 69
138 17 97
139 51 78
139 66 33
140 3 82
140 87 96
141 45 100
141 53 85
142 59 11
142 59 88
143 69 34
143 92 7
144 92 23
144 1 65
145 76 60
145 55 19
146 44 43
146 90 60
147 64 90
147 36 31
148 54 86
148 10 34
149 31 99
149 22 13
150 94 94
150 72 83
151 91 20
151 10 61
152 62 78
152 97 18
153 100 4
153 1 79
154 18 27
154 81 3
155 39 58
155 24 88
156 69 38
156 67 14
157 8 54
157 79 89
158 19 22
158 4 40
159 38 41
159 98 74
160 45 6
160 41 42
161 12 62
161 44 57
162 93 46
162 89 56
163 62 68
163 57 51
164 56 29
164 44 38
165 89 60
165 55 86
166 26 69
166 21 34
167 99 5
167 6 79
168 23 82
168 86 89
169 57 29
169 37 12
170 44 62
170 81 24
171 90 7
171 61 29
172 3 33
172 25 41
173 82 75
173 31 59
174 72 91
174 46 99
175 20 21
175 84 65
176 46 4
176 51 54
177 51 51
177 38 65
178 77 2
178 26 68
179 53 67
179 9 22
180 72 23
180 70 91
181 74 66
181 93 84
182 94 99
182 70 51
183 32 72
183 37 10
184 78 32
184 32 88
185 83 70
185 86 45
186 20 85
186 56 58
187 86 100
187 71 41
188 87 30
188 39 37
189 76 72
189 95 100
190 50 79
190 22 91
191 14 8
191 20 80
192 99 56
192 4 38
193 4 69
193 1 20
194 83 93
194 90 59
195 44 11
195 81 5
196 74 49
196 78 56
197 34 94
197 13 64
198 57 81
198 82 67
199 95 9
199 40 56
200 34 38
200 45 74
201 72 33
201 34 83
202 45 42
202 7 82
203 37 51
203 98 83
204 80 36
204 66 27
205 84 81
205 79 37
206 71 68
206 77 88
207 78 19
207 71 72
208 35 93
208 71 55
209 50 30
209 48 5
210 36 18
210 80 84
211 43 27
211 45 85
212 94 8
212 32 21
213 53 37
213 29 2
214 49 43
214 1 62
215 8 85
215 4 55
216 17 30
216 7 48
217 45 32
217 65 96
218 91 4
218 84 53
219 19 6
219 32 86
220 15 42
220 41 75
221 87 98
221 88 34
222 4 77
222 55 55
223 87 19
223 34 98
224 41 56
224 99 99
225 83 65
225 14 72
226 99 74
226 11 76
227 23 89
227 41 10
228 12 42
228 67 28
229 93 9
229 84 46
230 66 40
230 15 91
231 19 17
231 94 57
232 80 88
232 56 56
233 76 22
233 44 18
234 94 27
234 56 51
235 46 33
235 13 37
236 11 71
236 62 5
237 14 61
237 38 81
238 1 53
238 55 91
239 26 19
239 44 84
240 31 3
240 51 19
241 38 92
241 56 88
242 58 83
242 56 78
243 73 96
243 77 97
244 9 51
244 83 69
245 11 20
245 31 41
246 78 90
246 67 62
247 65 33
247 19 45
248 90 85
248 31 73
249 96 26
249 66 36
250 66 57
250 19 2
251 67 71
251 37 96
252 91 39
252 12 67
253 90 56
253 9 4
254 29 11
254 3 56
255 5 79
255 30 78
256 97 19
256 99 19
257 26 14
257 2 49
258 90 86
258 6 81
259 86 52
259 15 26
260 41 55
260 88 43
261 97 28
261 23 69
262 77 48
262 14 42
263 22 10
263 42 35
264 55 98
264 46 78
265 92 1
265 41 30
266 30 31
266 73 37
267 22 100
267 22 68
268 59 84
268 29 58
269 31 8
269 39 96
270 42 73
270 50 91
271 41 96
271 77 60
272 13 41
272 19 16
273 78 71
273 55 58
274 42 24
274 83 2
275 94 78
275 64 45
276 40 72
276 16 43
277 62 4
277 65 100
278 63 20
278 47 40
279 90 34
279 37 80
280 23 7
280 79 82
281 6 98
281 34 85
282 62 21
282 64 13
283 2 91
283 51 65
284 13 90
284 51 35
285 4 95
285 46 19
286 81 43
286 27 72
287 87 83
287 5 65
288 11 37
288 92 65
289 82 42
289 9 38
290 57 77
290 7 94
291 89 24
291 69 36
292 18 7
292 61 96
293 99 39
293 54 77
294 56 69
294 92 99
295 20 38
295 64 95
296 15 76
296 92 60
297 86 15
297 8 52
298 66 13
298 70 76
299 66 28
299 68 98
300 15 7
300 5 32
301 53 72
301 57 44
302 27 40
302 90 91
303 77 5
303 73 58
304 18 19
304 65 71
305 99 82
305 20 34
306 94 33
306 22 16
307 20 30
307 53 84
308 39 20
308 24 44
309 51 53
309 33 89
310 4 61
310 6 66
311 28 28
311 82 10
312 45 17
312 33 67
313 70 11
313 90 71
314 46 22
314 58 2
315 93 95
315 14 76
316 73 18
316 45 27
317 70 83
317 92 73
318 98 7
318 6 43
319 78 49
319 69 24
320 96 19
320 95 54
321 16 98
321 75 31
322 32 22
322 30 76
323 51 6
323 12 23
324 52 55
324 35 14
325 34 88
325 40 17
326 24 62
326 48 89
327 83 45
327 21 8
328 91 71
328 32 80
329 48 58
329 42 81
330 65 92
330 57 6
331 54 65
331 86 86
332 1 27
332 52 11
333 77 86
333 33 41
334 47 89
334 63 40
335 29 57
335 81 8
336 17 5
336 68 80
337 92 98
337 23 54
338 45 63
338 62 95
339 33 49
339 49 70
340 46 48
340 81 65
341 75 92
341 9 29
342 41 97
342 99 63
343 26 47
343 84 67
344 82 9
344 46 73
345 59 42
345 18 92
346 10 40
346 21 98
347 69 55
347 62 61
348 6 45
348 43 40
349 78 72
349 13 36
350 12 16
350 17 40
351 60 56
351 43 35
352 47 31
352 88 2
353 48 73
353 11 66
354 59 97
354 3 29
355 6 44
355 99 47
356 21 32
356 98 68
357 81 63
357 70 14
358 66 23
358 92 56
359 65 55
359 76 11
360 23 75
360 98 58
361 80 43
361 49 63
362 53 94
362 86 55
363 82 71
363 49 57
364 97 34
364 38 10
365 8 97
365 14 78
366 23 98
366 42 11
367 3 52
367 88 86
368 3 77
368 18 2
369 77 63
369 55 13
370 76 3
370 87 77
371 97 100
371 69 40
372 66 78
372 74 55
373 60 20
373 89 18
374 98 90
374 1 11
375 60 35
375 22 40
376 27 62
376 30 75
377 9 71
377 53 4
378 83 71
378 83 5
379 66 41
379 98 16
380 10 59
380 19 69
381 89 66
381 58 47
382 8 26
382 98 76
383 34 46
383 35 86
384 27 2
384 58 46
385 10 55
385 84 16
386 79 83
386 27 42
387 29 74
387 2 98
388 14 82
388 5 71
389 4 47
389 64 11
390 9 6
390 100 71
391 84 75
391 64 98
392 32 73
392 5 77
393 38 54
393 34 64
394 71 52
394 21 54
395 35 66
395 82 21
396 57 21
396 43 19
397 27 44
397 55 4
398 65 39
398 79 53
399 76 93
399 47 69
400 77 4
400 29 66
401 4 41
401 27 24
402 22 12
402 62 38
403 67 80
403 49 51
404 37 20
404 12 64
405 14 92
405 79 88
406 28 8
406 26 50
407 43 57
407 32 10
408 89 1
408 96 40
409 24 79
409 82 34
410 29 59
410 70 25
411 80 17
411 27 1
412 26 29
412 65 59
413 91 57
413 10 19
414 70 18
414 47 93
415 65 42
415 41 64
416 64 19
416 34 29
417 48 78
417 98 21
418 8 39
418 84 97
419 83 80
419 32 87
420 54 47
420 55 57
421 65 18
421 83 63
422 84 66
422 70 42
423 82 99
423 90 54
424 70 72
424 32 1
425 20 11
425 45 75
426 25 26
426 55 37
427 83 75
427 77 3
428 15 24
428 12 21
429 17 48
429 69 50
430 76 23
430 78 89
431 33 53
431 45 44
432 19 1
432 22 70
433 86 6
433 79 59
434 36 59
434 94 71
435 70 44
435 68 73
436 33 17
436 55 96
437 14 99
437 58 63
438 96 63
438 36 82
439 73 74
439 59 75
440 64 62
440 5 74
441 69 66
441 18 58
442 77 21
442 97 39
443 91 53
443 99 26
444 70 13
444 90 76
445 19 19
445 33 40
446 62 27
446 1 63
447 99 44
447 49 68
448 4 50
448 61 78
449 3 45
449 10 67
450 3 1
450 8 47
451 4 93
451 27 99
452 58 23
452 92 37
453 45 26
453 22 39
454 38 8
454 48 84
455 96 35
455 23 67
456 22 62
456 12 51
457 71 62
457 18 72
458 59 86
458 79 33
459 25 97
459 7 28
460 41 12
460 48 75
461 33 20
461 8 96
462 14 87
462 48 41
463 66 20
463 41 13
464 23 32
464 37 71
465 38 25
465 93 4
466 8 1
466 77 38
467 94 18
467 15 17
468 93 98
468 66 10
469 79 11
469 24 50
470 70 40
470 66 84
471 8 45
471 20 79
472 70 70
472 55 54
473 9 70
473 91 67
474 17 45
474 72 89
475 3 74
475 77 96
476 54 45
476 80 13
477 57 49
477 34 42
478 84 48
478 55 11
479 55 88
479 80 14
480 2 38
480 7 36
481 96 97
481 1 10
482 81 47
482 73 78
483 30 69
483 66 52
484 63 81
484 13 65
485 57 19
485 88 10
486 44 100
486 3 20
487 53 78
487 22 4
488 87 100
488 17 35
489 38 7
489 91 79
490 73 95
490 3 54
491 32 74
491 53 57
492 30 45
492 76 40
493 51 74
493 37 88
494 21 66
494 40 57
495 91 32
495 19 8
496 100 73
496 42 2
497 32 41
497 67 16
498 28 38
498 98 95
499 78 3
499 18 3
500 71 39
500 62 25
