1000
100
1 847 564
1 52 181
2 168 165
2 643 440
3 307 251
3 940 282
4 907 298
4 520 503
5 239 699
5 257 330
6 230 201
6 103 817
7 844 598
7 895 196
8 250 271
8 565 831
9 936 420
9 30 293
10 263 24
10 457 767
11 506 561
11 456 619
12 75 696
12 442 799
13 825 612
13 501 815
14 319 170
14 45 192
15 976 819
15 183 197
16 144 75
16 95 313
17 231 417
17 213 432
18 139 515
18 669 449
19 971 135
19 635 397
20 236 890
20 332 861
21 305 292
21 245 211
22 268 422
22 759 651
23 866 647
23 350 112
24 534 178
24 757 488
25 985 398
25 824 882
26 189 821
26 397 723
27 748 123
27 321 273
28 220 279
28 740 148
29 551 518
29 259 337
30 685 512
30 444 558
31 55 81
31 16 981
32 176 237
32 191 177
33 2 300
33 855 27
34 149 269
34 933 659
35 23 828
35 296 349
36 887 189
36 18 484
37 921 200
37 109 868
38 307 209
38 510 38
39 412 336
39 135 580
40 210 283
40 925 370
41 441 823
41 981 142
42 232 46
42 540 666
43 495 442
43 330 832
44 31 131
44 963 543
45 1000 271
45 229 9
46 632 89
46 450 313
47 794 167
47 136 274
48 878 561
48 154 983
49 904 696
49 970 123
50 83 296
50 838 562
51 855 336
51 521 440
52 809 536
52 967 56
53 771 822
53 584 564
54 877 312
54 299 573
55 832 757
55 41 65
56 564 766
56 198 311
57 235 883
57 87 203
58 575 783
58 536 532
59 342 72
59 824 849
60 92 661
60 558 488
61 614 583
61 910 607
62 35 595
62 309 112
63 526 601
63 897 412
64 197 832
64 398 947
65 221 774
65 913 705
66 649 84
66 814 892
67 193 25
67 367 258
68 653 540
68 782 301
69 994 146
69 119 726
70 943 659
70 417 419
71 118 6
71 556 457
72 594 880
72 65 822
73 464 127
73 261 218
74 326 952
74 653 717
75 268 528
75 469 231
76 190 490
76 889 146
77 895 415
77 228 694
78 268 405
78 634 116
79 360 389
79 164 22
80 444 810
80 453 389
81 555 405
81 110 914
82 653 145
82 984 787
83 60 544
83 428 950
84 878 4
84 524 654
85 390 184
85 72 940
86 546 438
86 793 611
87 164 825
87 24 142
88 3 787
88 117 902
89 558 685
89 705 724
90 964 136
90 708 109
91 272 95
91 375 553
92 396 71
92 425 232
93 147 129
93 144 200
94 200 258
94 481 424
95 213 145
95 909 368
96 818 69
96 130 226
97 149 195
97 675 948
98 998 299
98 269 663
99 859 433
99 621 469
100 420 464
100 753 247
