100
1000
1 53 95
1 88 58
2 94 62
2 10 71
3 57 76
3 67 34
4 10 55
4 46 55
5 73 41
5 81 57
6 75 49
6 63 75
7 80 91
7 7 68
8 37 84
8 11 38
9 22 12
9 94 49
10 69 56
10 34 29
11 99 1
11 24 14
12 61 68
12 77 5
13 25 38
13 79 38
14 65 65
14 49 93
15 70 92
15 65 40
16 44 87
16 58 7
17 2 48
17 60 68
18 29 56
18 85 86
19 67 21
19 47 86
20 87 21
20 44 66
21 1 38
21 90 2
22 92 1
22 30 25
23 70 3
23 48 98
24 98 47
24 70 16
25 88 79
25 18 90
26 60 55
26 54 18
27 3 3
27 59 26
28 71 16
28 2 90
29 74 88
29 69 66
30 53 56
30 64 66
31 40 91
31 28 1
32 49 8
32 15 83
33 98 3
33 9 98
34 10 59
34 4 59
35 28 35
35 26 45
36 49 39
36 86 85
37 48 33
37 29 64
38 20 80
38 78 38
39 44 90
39 88 100
40 35 3
40 20 57
41 99 82
41 85 99
42 41 6
42 42 39
43 84 57
43 94 20
44 13 57
44 20 86
45 92 19
45 94 57
46 52 50
46 73 33
47 80 86
47 5 64
48 90 15
48 60 9
49 75 44
49 27 47
50 66 52
50 58 77
51 52 37
51 98 70
52 66 73
52 98 39
53 52 95
53 46 40
54 31 38
54 28 77
55 94 81
55 88 84
56 91 69
56 68 62
57 9 86
57 76 75
58 65 9
58 32 89
59 33 93
59 91 37
60 51 87
60 19 76
61 2 91
61 56 24
62 1 93
62 76 61
63 76 31
63 53 55
64 62 54
64 72 8
65 67 99
65 47 31
66 22 36
66 93 76
67 80 18
67 40 17
68 70 76
68 100 5
69 4 65
69 1 63
70 24 38
70 46 18
71 19 38
71 66 90
72 46 72
72 11 23
73 92 40
73 21 71
74 65 6
74 34 11
75 40 100
75 73 26
76 63 9
76 1 12
77 62 72
77 36 19
78 62 56
78 19 47
79 23 87
79 15 37
80 77 99
80 86 42
81 61 33
81 76 27
82 14 42
82 58 73
83 38 35
83 84 88
84 48 27
84 6 3
85 99 48
85 91 56
86 97 92
86 98 15
87 62 82
87 24 80
88 42 75
88 60 82
89 73 36
89 41 31
90 92 93
90 84 90
91 25 36
91 62 38
92 70 1
92 88 35
93 41 73
93 37 29
94 31 89
94 63 72
95 93 98
95 54 96
96 55 33
96 55 14
97 49 91
97 3 20
98 60 19
98 100 21
99 10 78
99 9 21
100 73 87
100 66 100
101 43 9
101 53 87
102 63 2
102 90 81
103 83 46
103 21 2
104 95 63
104 20 18
105 57 15
105 79 78
106 23 97
106 48 1
107 92 52
107 46 75
108 50 69
108 17 26
109 27 60
109 96 4
110 64 14
110 34 66
111 42 46
111 51 73
112 59 69
112 43 84
113 95 98
113 57 8
114 27 11
114 69 31
115 29 48
115 3 40
116 27 92
116 34 34
117 87 55
117 6 41
118 60 81
118 45 20
119 85 63
119 40 9
120 5 34
120 15 48
121 31 47
121 18 36
122 4 79
122 71 37
123 77 68
123 57 60
124 67 84
124 83 50
125 41 90
125 36 27
126 11 60
126 72 59
127 91 66
127 71 5
128 39 38
128 66 37
129 63 57
129 8 55
130 28 96
130 41 53
131 83 84
131 78 11
132 82 91
132 9 42
133 37 67
133 64 15
134 71 41
134 48 100
135 34 49
135 24 88
136 36 74
136 71 86
137 54 73
137 21 87
138 91 30
138 4 98
139 81 39
139 3 53
140 15 46
140 77 17
141 98 96
141 61 86
142 85 96
142 80 81
143 67 23
143 26 32
144 25 30
144 1 74
145 36 7
145 82 12
146 34 5
146 32 16
147 15 26
147 95 32
148 12 20
148 26 50
149 26 59
149 21 9
150 19 19
150 52 88
151 83 13
151 34 4
152 42 5
152 43 99
153 28 63
153 7 79
154 71 9
154 88 68
155 29 82
155 5 85
156 12 81
156 30 14
157 43 36
157 57 31
158 63 80
158 21 40
159 30 66
159 99 28
160 64 7
160 73 83
161 55 49
161 76 87
162 30 92
162 22 89
163 56 66
163 78 3
164 2 99
164 38 18
165 74 70
165 35 44
166 60 65
166 50 17
167 13 15
167 37 40
168 24 89
168 58 42
169 91 28
169 12 55
170 42 90
170 94 19
171 27 80
171 33 12
172 7 61
172 24 86
173 34 73
173 7 63
174 47 63
174 42 58
175 98 78
175 50 91
176 37 19
176 73 18
177 60 71
177 28 32
178 80 21
178 17 4
179 84 6
179 100 30
180 98 25
180 3 9
181 37 17
181 24 82
182 7 30
182 92 71
183 49 77
183 56 93
184 20 1
184 54 26
185 57 47
185 75 73
186 92 44
186 73 10
187 15 49
187 21 90
188 88 90
188 99 22
189 14 70
189 75 33
190 11 57
190 3 86
191 78 18
191 92 48
192 64 92
192 39 30
193 94 32
193 46 39
194 60 80
194 41 96
195 60 78
195 77 94
196 47 51
196 80 51
197 4 52
197 82 63
198 57 64
198 32 58
199 48 97
199 28 30
200 76 84
200 84 9
201 91 79
201 92 15
202 100 88
202 35 17
203 21 11
203 94 52
204 24 70
204 87 50
205 14 91
205 73 24
206 61 36
206 22 45
207 90 52
207 10 88
208 93 20
208 45 14
209 62 6
209 4 21
210 5 2
210 65 68
211 22 25
211 94 4
212 90 30
212 97 46
213 67 58
213 70 14
214 35 38
214 15 79
215 57 61
215 24 33
216 83 17
216 54 57
217 54 1
217 59 65
218 89 74
218 89 97
219 85 16
219 10 1
220 38 78
220 42 19
221 2 4
221 17 30
222 76 23
222 78 93
223 98 6
223 9 99
224 9 81
224 48 86
225 68 49
225 71 70
226 33 62
226 85 19
227 2 38
227 83 31
228 7 5
228 42 62
229 45 62
229 48 84
230 69 74
230 89 98
231 55 53
231 18 69
232 4 31
232 100 73
233 95 2
233 42 18
234 72 18
234 12 82
235 99 73
235 55 32
236 13 97
236 77 44
237 12 18
237 28 60
238 34 60
238 98 57
239 30 68
239 3 82
240 28 82
240 92 58
241 40 56
241 37 94
242 96 20
242 43 24
243 26 40
243 49 36
244 16 82
244 60 4
245 60 12
245 83 55
246 98 29
246 55 59
247 2 31
247 17 96
248 87 37
248 17 73
249 51 42
249 59 39
250 88 24
250 73 63
251 62 42
251 18 55
252 31 60
252 40 51
253 50 20
253 51 23
254 31 88
254 52 90
255 1 11
255 72 12
256 14 28
256 26 84
257 95 13
257 69 28
258 21 32
258 34 93
259 76 45
259 35 54
260 11 18
260 31 65
261 9 27
261 77 42
262 1 43
262 77 56
263 40 18
263 89 92
264 20 34
264 98 58
265 51 72
265 9 13
266 11 34
266 62 26
267 56 31
267 9 24
268 5 24
268 58 37
269 10 29
269 62 62
270 96 61
270 2 41
271 31 62
271 76 14
272 61 58
272 65 11
273 26 75
273 53 100
274 35 36
274 5 11
275 46 59
275 35 31
276 2 5
276 83 14
277 13 11
277 22 88
278 16 89
278 64 83
279 28 94
279 29 17
280 62 98
280 36 56
281 5 46
281 15 63
282 99 6
282 62 50
283 38 63
283 18 30
284 72 98
284 44 27
285 36 65
285 4 97
286 60 46
286 99 23
287 5 31
287 12 94
288 57 1
288 62 41
289 75 2
289 17 92
290 87 53
290 27 25
291 66 91
291 78 87
292 40 33
292 73 20
293 51 59
293 33 98
294 93 48
294 85 85
295 92 84
295 23 34
296 93 1
296 25 33
297 12 57
297 98 79
298 1 72
298 96 27
299 4 28
299 50 86
300 59 44
300 24 43
301 59 62
301 57 97
302 39 95
302 84 64
303 56 42
303 34 45
304 67 64
304 78 63
305 75 87
305 54 12
306 70 97
306 32 100
307 82 17
307 47 91
308 57 50
308 19 50
309 83 88
309 69 53
310 91 26
310 5 75
311 19 65
311 12 19
312 73 47
312 97 62
313 51 55
313 78 69
314 54 86
314 44 52
315 64 11
315 83 40
316 45 86
316 51 37
317 30 97
317 42 93
318 3 33
318 6 30
319 5 16
319 93 92
320 41 28
320 41 11
321 74 89
321 61 14
322 60 59
322 75 25
323 21 35
323 72 38
324 35 100
324 8 35
325 61 17
325 3 63
326 68 32
326 77 4
327 29 70
327 45 65
328 25 28
328 16 84
329 27 24
329 45 56
330 46 5
330 76 77
331 86 57
331 63 37
332 36 34
332 36 66
333 90 31
333 3 34
334 59 42
334 8 87
335 96 68
335 96 9
336 59 89
336 67 16
337 70 47
337 37 9
338 52 23
338 8 28
339 23 54
339 7 78
340 23 91
340 6 81
341 43 46
341 93 27
342 36 99
342 7 81
343 37 24
343 83 5
344 11 89
344 85 21
345 13 23
345 96 40
346 50 30
346 11 63
347 54 62
347 46 67
348 48 47
348 83 30
349 19 99
349 91 21
350 72 91
350 44 65
351 30 53
351 49 44
352 37 91
352 26 51
353 15 12
353 55 1
354 52 80
354 75 80
355 70 11
355 70 86
356 68 23
356 88 36
357 64 33
357 78 73
358 91 29
358 77 82
359 35 42
359 18 47
360 73 59
360 90 55
361 10 77
361 9 20
362 83 41
362 1 29
363 32 27
363 18 79
364 88 39
364 22 2
365 12 96
365 6 69
366 59 56
366 85 59
367 46 88
367 58 75
368 5 87
368 26 28
369 7 26
369 15 53
370 66 30
370 49 88
371 84 74
371 88 15
372 65 87
372 22 67
373 58 5
373 70 89
374 4 24
374 26 1
375 33 78
375 32 91
376 13 99
376 41 16
377 13 64
377 54 76
378 39 12
378 47 23
379 24 18
379 6 97
380 34 33
380 49 66
381 57 63
381 45 39
382 63 16
382 16 74
383 10 31
383 45 90
384 43 92
384 72 100
385 89 7
385 59 27
386 56 65
386 87 4
387 48 18
387 36 2
388 17 38
388 64 17
389 74 59
389 95 46
390 17 13
390 8 90
391 61 94
391 27 71
392 80 19
392 30 26
393 78 22
393 14 4
394 21 39
394 79 44
395 4 85
395 14 49
396 23 37
396 28 12
397 12 31
397 76 70
398 53 89
398 13 54
399 6 56
399 38 49
400 78 97
400 84 21
401 28 52
401 27 45
402 44 32
402 51 62
403 50 21
403 57 72
404 84 37
404 98 62
405 33 4
405 80 85
406 9 89
406 5 36
407 95 34
407 52 60
408 42 25
408 25 90
409 84 20
409 76 1
410 98 45
410 17 66
411 23 70
411 100 99
412 2 46
412 37 100
413 71 3
413 31 31
414 89 33
414 41 1
415 19 26
415 25 97
416 39 37
416 6 4
417 68 77
417 4 27
418 57 45
418 33 74
419 4 82
419 63 89
420 33 72
420 20 43
421 23 53
421 13 5
422 12 4
422 66 13
423 1 15
423 25 69
424 54 33
424 69 26
425 79 87
425 37 28
426 65 46
426 88 91
427 1 64
427 50 60
428 92 11
428 14 11
429 18 82
429 11 27
430 33 24
430 15 61
431 21 63
431 38 39
432 80 93
432 1 79
433 30 9
433 58 26
434 97 54
434 35 39
435 53 7
435 8 59
436 9 14
436 42 7
437 81 19
437 31 80
438 49 27
438 81 52
439 18 72
439 56 1
440 19 68
440 73 29
441 39 91
441 16 26
442 3 60
442 25 53
443 49 60
443 72 45
444 56 13
444 58 51
445 31 97
445 78 77
446 52 19
446 90 48
447 80 10
447 47 69
448 61 29
448 51 32
449 31 11
449 92 29
450 77 73
450 87 42
451 91 83
451 74 91
452 4 72
452 79 82
453 11 76
453 55 10
454 2 56
454 12 59
455 20 12
455 69 33
456 56 30
456 95 84
457 26 25
457 54 38
458 92 75
458 59 64
459 45 6
459 93 78
460 63 88
460 64 68
461 39 40
461 46 69
462 33 15
462 12 5
463 30 12
463 3 43
464 74 66
464 90 72
465 33 18
465 75 91
466 77 57
466 8 83
467 11 45
467 57 53
468 13 31
468 40 84
469 41 18
469 78 23
470 60 97
470 36 70
471 24 76
471 34 64
472 42 31
472 18 54
473 74 11
473 40 46
474 3 85
474 8 63
475 65 3
475 77 85
476 38 45
476 54 97
477 34 76
477 88 52
478 39 50
478 42 37
479 55 24
479 81 80
480 83 12
480 4 54
481 70 24
481 95 40
482 95 24
482 70 74
483 79 71
483 8 20
484 7 84
484 25 81
485 38 95
485 72 25
486 46 53
486 99 26
487 32 67
487 99 97
488 56 37
488 34 46
489 41 22
489 4 33
490 63 30
490 14 67
491 61 34
491 20 48
492 36 54
492 63 33
493 78 45
493 78 35
494 60 54
494 37 69
495 1 69
495 65 42
496 26 49
496 77 18
497 8 96
497 76 13
498 83 21
498 88 96
499 84 24
499 48 23
500 79 32
500 54 89
501 96 42
501 84 36
502 93 23
502 99 5
503 44 48
503 34 38
504 28 43
504 19 37
505 95 31
505 55 44
506 14 72
506 13 94
507 9 78
507 61 15
508 35 21
508 13 65
509 31 74
509 79 9
510 7 10
510 7 9
511 22 82
511 15 10
512 38 86
512 73 37
513 2 70
513 19 51
514 88 61
514 81 20
515 54 68
515 66 97
516 26 69
516 20 63
517 4 81
517 15 17
518 84 75
518 11 94
519 20 96
519 24 21
520 4 18
520 50 56
521 64 38
521 47 82
522 52 47
522 37 95
523 55 69
523 60 88
524 22 23
524 17 21
525 9 90
525 20 82
526 89 21
526 26 29
527 37 14
527 79 90
528 99 39
528 22 24
529 25 70
529 28 80
530 53 66
530 56 61
531 20 54
531 10 15
532 75 31
532 98 68
533 96 90
533 46 42
534 32 92
534 22 99
535 35 55
535 75 15
536 6 40
536 56 41
537 43 70
537 95 11
538 100 48
538 76 98
539 61 88
539 27 66
540 30 10
540 38 94
541 60 13
541 2 63
542 27 63
542 36 4
543 12 34
543 20 52
544 49 40
544 62 66
545 63 76
545 87 80
546 34 58
546 67 63
547 74 17
547 38 60
548 63 28
548 68 53
549 41 58
549 38 11
550 94 18
550 58 62
551 72 24
551 75 18
552 74 79
552 42 100
553 3 89
553 90 25
554 82 23
554 32 17
555 46 74
555 4 75
556 53 26
556 61 74
557 35 12
557 1 97
558 68 43
558 88 21
559 32 42
559 54 13
560 67 81
560 74 100
561 80 53
561 65 22
562 70 46
562 72 63
563 85 52
563 6 15
564 80 70
564 15 99
565 100 29
565 33 29
566 19 84
566 47 4
567 33 88
567 67 2
568 6 58
568 98 34
569 82 5
569 37 65
570 14 15
570 11 81
571 82 55
571 88 87
572 77 71
572 43 47
573 44 10
573 94 40
574 66 60
574 46 87
575 3 59
575 61 3
576 20 51
576 85 6
577 53 62
577 86 48
578 66 25
578 49 95
579 69 77
579 91 1
580 46 95
580 3 79
581 44 83
581 65 79
582 18 12
582 45 60
583 89 94
583 66 64
584 74 41
584 85 28
585 52 51
585 22 61
586 65 26
586 72 58
587 44 49
587 52 16
588 35 48
588 48 12
589 54 78
589 96 14
590 3 30
590 44 21
591 24 60
591 96 63
592 81 14
592 12 97
593 94 72
593 95 53
594 56 98
594 41 70
595 32 2
595 7 37
596 13 52
596 66 89
597 84 97
597 72 60
598 50 84
598 36 15
599 81 11
599 8 79
600 49 28
600 88 98
601 79 61
601 62 47
602 18 75
602 69 61
603 26 54
603 61 83
604 82 64
604 56 83
605 55 96
605 6 91
606 29 3
606 86 69
607 77 61
607 95 21
608 95 51
608 69 65
609 55 21
609 4 63
610 24 59
610 64 87
611 19 62
611 7 22
612 30 100
612 72 85
613 46 91
613 52 65
614 25 31
614 37 42
615 86 58
615 42 10
616 27 14
616 7 98
617 41 80
617 26 48
618 79 11
618 18 71
619 32 88
619 52 92
620 54 23
620 64 46
621 31 58
621 44 14
622 100 72
622 56 35
623 34 71
623 82 67
624 100 23
624 25 27
625 85 13
625 64 71
626 32 32
626 46 17
627 45 29
627 71 98
628 15 29
628 51 8
629 97 95
629 15 88
630 85 61
630 33 25
631 56 25
631 89 65
632 17 64
632 47 7
633 64 95
633 16 98
634 79 31
634 95 54
635 83 67
635 10 68
636 46 89
636 7 38
637 12 46
637 6 78
638 16 3
638 83 87
639 99 100
639 45 43
640 39 36
640 34 63
641 62 99
641 11 65
642 70 57
642 72 4
643 40 73
643 25 99
644 38 26
644 6 52
645 38 21
645 68 55
646 56 86
646 37 47
647 65 75
647 65 84
648 19 14
648 72 51
649 76 17
649 53 3
650 72 52
650 98 8
651 79 46
651 24 17
652 32 61
652 86 44
653 59 46
653 97 18
654 92 23
654 29 30
655 70 5
655 82 34
656 31 18
656 23 24
657 40 94
657 89 87
658 18 60
658 44 1
659 12 6
659 53 46
660 21 89
660 62 87
661 2 28
661 4 88
662 38 5
662 70 35
663 5 3
663 51 1
664 42 68
664 19 74
665 9 85
665 40 72
666 70 81
666 15 25
667 17 78
667 13 61
668 2 33
668 75 59
669 28 91
669 86 89
670 46 82
670 50 87
671 73 98
671 23 40
672 53 6
672 42 95
673 24 19
673 75 13
674 50 93
674 86 21
675 29 92
675 1 17
676 91 17
676 86 67
677 57 86
677 1 31
678 11 61
678 90 44
679 50 77
679 26 56
680 97 84
680 27 57
681 69 32
681 68 86
682 96 8
682 59 37
683 63 10
683 59 93
684 94 7
684 17 75
685 51 33
685 34 50
686 11 85
686 8 61
687 73 69
687 82 15
688 36 58
688 36 89
689 29 51
689 97 83
690 64 70
690 52 45
691 34 37
691 39 57
692 39 74
692 17 74
693 79 96
693 49 74
694 35 58
694 10 26
695 55 93
695 55 76
696 86 51
696 74 84
697 91 62
697 72 96
698 52 35
698 86 83
699 77 39
699 57 17
700 2 23
700 63 23
701 45 75
701 83 7
702 25 40
702 21 30
703 12 93
703 43 81
704 33 99
704 45 64
705 36 6
705 40 78
706 92 50
706 84 16
707 24 72
707 73 81
708 67 36
708 52 93
709 18 96
709 100 60
710 20 83
710 43 43
711 23 25
711 46 45
712 98 74
712 40 19
713 26 63
713 30 16
714 40 12
714 49 83
715 72 23
715 29 93
716 28 13
716 30 58
717 9 47
717 40 55
718 97 11
718 2 62
719 88 49
719 59 57
720 21 76
720 49 22
721 57 38
721 93 19
722 46 58
722 60 72
723 86 14
723 90 92
724 4 57
724 93 93
725 97 74
725 39 48
726 77 62
726 51 39
727 41 87
727 97 57
728 69 37
728 65 76
729 86 66
729 61 28
730 27 28
730 34 81
731 68 12
731 26 8
732 78 60
732 77 78
733 48 24
733 61 48
734 77 87
734 92 99
735 16 14
735 75 20
736 14 54
736 3 51
737 56 34
737 78 74
738 5 23
738 54 19
739 7 1
739 31 68
740 78 70
740 58 95
741 48 53
741 6 45
742 97 79
742 23 36
743 10 83
743 45 91
744 28 98
744 26 36
745 81 33
745 10 96
746 29 12
746 42 35
747 26 74
747 22 6
748 98 21
748 49 86
749 7 11
749 82 11
750 82 38
750 97 93
751 40 75
751 24 44
752 57 14
752 13 17
753 84 47
753 87 28
754 99 64
754 10 70
755 26 6
755 19 100
756 91 80
756 99 72
757 78 30
757 19 57
758 97 80
758 10 47
759 26 20
759 68 52
760 26 21
760 34 83
761 16 81
761 38 34
762 66 19
762 1 4
763 29 19
763 52 84
764 19 94
764 36 78
765 55 8
765 97 59
766 97 6
766 29 59
767 70 23
767 55 54
768 67 3
768 57 6
769 91 12
769 13 49
770 1 94
770 18 58
771 95 85
771 19 82
772 44 34
772 69 83
773 37 79
773 84 40
774 60 15
774 6 11
775 62 61
775 93 68
776 28 18
776 23 80
777 11 9
777 13 90
778 91 5
778 62 36
779 46 70
779 60 51
780 77 95
780 85 70
781 34 62
781 32 85
782 5 40
782 90 99
783 95 50
783 63 46
784 15 14
784 81 96
785 89 76
785 80 48
786 53 90
786 91 75
787 77 55
787 18 62
788 45 50
788 61 38
789 97 29
789 31 32
790 13 16
790 47 59
791 50 46
791 94 30
792 30 28
792 99 34
793 37 59
793 89 47
794 14 69
794 16 47
795 22 68
795 58 44
796 58 16
796 75 26
797 64 85
797 40 59
798 28 9
798 7 92
799 70 25
799 34 79
800 33 89
800 11 15
801 93 64
801 45 53
802 45 85
802 77 79
803 38 37
803 51 38
804 35 78
804 78 88
805 61 10
805 29 46
806 15 98
806 35 43
807 97 65
807 23 3
808 20 15
808 38 31
809 26 81
809 77 70
810 50 61
810 3 32
811 15 44
811 12 84
812 100 83
812 78 59
813 66 99
813 62 15
814 27 9
814 2 20
815 51 81
815 60 31
816 71 55
816 64 30
817 44 44
817 49 50
818 49 68
818 39 73
819 31 72
819 75 6
820 87 3
820 96 80
821 91 53
821 35 53
822 5 53
822 18 23
823 84 35
823 43 10
824 5 14
824 31 87
825 56 76
825 83 61
826 5 68
826 95 6
827 67 71
827 38 12
828 72 44
828 98 17
829 48 22
829 9 57
830 14 3
830 93 43
831 52 21
831 40 14
832 23 6
832 76 26
833 19 87
833 1 52
834 17 36
834 30 87
835 45 93
835 100 71
836 2 81
836 9 30
837 92 21
837 83 1
838 85 33
838 66 94
839 98 59
839 44 26
840 44 39
840 61 92
841 91 14
841 30 83
842 29 23
842 4 48
843 18 41
843 95 10
844 63 8
844 96 47
845 19 97
845 25 50
846 92 39
846 43 63
847 45 95
847 64 29
848 72 1
848 67 47
849 34 21
849 27 10
850 68 63
850 71 32
851 99 52
851 57 93
852 19 98
852 54 24
853 27 88
853 97 36
854 57 77
854 5 81
855 52 14
855 8 95
856 79 45
856 85 8
857 75 3
857 33 67
858 38 72
858 7 28
859 24 71
859 12 22
860 15 38
860 49 13
861 50 49
861 94 91
862 71 63
862 4 12
863 21 29
863 75 39
864 11 54
864 78 41
865 62 46
865 92 13
866 25 39
866 21 54
867 54 55
867 29 29
868 59 88
868 18 100
869 58 2
869 15 100
870 96 76
870 18 53
871 58 50
871 21 57
872 75 77
872 9 10
873 21 60
873 87 89
874 60 11
874 13 71
875 62 8
875 70 96
876 4 73
876 86 96
877 70 95
877 61 67
878 8 38
878 22 60
879 99 83
879 72 92
880 88 27
880 43 82
881 55 56
881 87 12
882 88 83
882 8 73
883 64 91
883 72 55
884 2 42
884 38 38
885 34 77
885 82 86
886 93 14
886 22 52
887 16 72
887 97 77
888 23 76
888 56 46
889 43 21
889 70 70
890 37 33
890 6 18
891 33 49
891 69 98
892 43 41
892 71 52
893 73 89
893 52 26
894 54 70
894 90 66
895 41 23
895 34 72
896 19 49
896 3 94
897 74 53
897 66 6
898 31 34
898 15 45
899 8 3
899 92 42
900 95 8
900 65 47
901 39 44
901 4 22
902 67 77
902 57 78
903 76 58
903 88 14
904 99 29
904 90 13
905 24 11
905 8 66
906 65 5
906 24 10
907 50 68
907 23 59
908 7 55
908 27 15
909 57 18
909 29 5
910 83 33
910 49 75
911 56 48
911 81 70
912 26 98
912 42 24
913 42 38
913 55 46
914 36 3
914 53 74
915 49 6
915 44 30
916 28 11
916 14 64
917 52 53
917 100 81
918 72 9
918 68 37
919 20 97
919 6 17
920 29 36
920 80 96
921 96 94
921 98 54
922 30 78
922 84 70
923 19 27
923 47 13
924 95 68
924 39 87
925 41 66
925 12 66
926 46 56
926 91 63
927 94 9
927 65 72
928 88 41
928 88 85
929 64 8
929 81 48
930 30 90
930 57 41
931 68 34
931 52 11
932 49 98
932 89 71
933 32 70
933 26 7
934 87 63
934 5 12
935 55 52
935 58 6
936 78 85
936 77 8
937 51 13
937 86 3
938 63 12
938 72 43
939 27 95
939 84 25
940 97 72
940 25 87
941 48 57
941 79 62
942 72 47
942 55 29
943 14 76
943 54 37
944 61 16
944 61 35
945 64 77
945 59 28
946 3 78
946 50 7
947 50 85
947 90 68
948 25 20
948 7 4
949 22 64
949 91 90
950 17 24
950 97 90
951 7 67
951 56 71
952 47 43
952 86 65
953 8 42
953 65 93
954 19 58
954 96 92
955 32 59
955 79 17
956 55 74
956 74 83
957 25 24
957 11 31
958 81 54
958 29 47
959 64 81
959 80 39
960 15 40
960 92 31
961 59 35
961 65 56
962 85 31
962 34 32
963 51 80
963 79 84
964 5 60
964 89 11
965 47 35
965 34 13
966 98 33
966 32 86
967 23 41
967 13 14
968 17 60
968 87 61
969 80 79
969 82 78
970 43 75
970 80 8
971 36 79
971 34 51
972 32 24
972 3 25
973 90 87
973 73 38
974 5 70
974 22 9
975 47 30
975 59 95
976 86 25
976 79 56
977 2 76
977 49 37
978 93 75
978 67 44
979 17 28
979 18 5
980 52 77
980 49 1
981 86 55
981 37 61
982 62 100
982 25 94
983 26 71
983 54 51
984 66 77
984 69 5
985 75 65
985 4 41
986 37 46
986 27 26
987 19 69
987 54 47
988 58 39
988 12 68
989 79 63
989 58 12
990 83 52
990 55 57
991 10 94
991 50 12
992 31 45
992 21 80
993 48 3
993 25 1
994 13 51
994 1 8
995 20 14
995 62 27
996 56 99
996 28 73
997 1 88
997 92 49
998 92 6
998 92 86
999 81 77
999 33 55
1000 66 86
1000 37 90
