10
50
1 7 2
1 7 1
2 10 4
2 10 7
3 2 7
3 9 2
4 8 8
4 9 9
5 3 8
5 8 5
6 2 6
6 6 10
7 9 6
7 1 8
8 8 7
8 10 6
9 3 9
9 7 7
10 2 2
10 5 8
11 1 5
11 4 5
12 7 5
12 3 5
13 2 1
13 9 4
14 3 3
14 3 4
15 6 6
15 3 10
16 5 10
16 4 6
17 10 2
17 8 4
18 7 10
18 9 5
19 5 3
19 4 9
20 5 7
20 9 7
21 8 9
21 3 7
22 6 9
22 2 5
23 4 10
23 6 3
24 6 5
24 6 1
25 10 9
25 1 4
26 6 8
26 7 6
27 7 3
27 1 2
28 1 9
28 5 1
29 3 1
29 1 3
30 6 7
30 9 3
31 8 1
31 7 9
32 1 7
32 10 1
33 8 2
33 4 4
34 4 2
34 2 8
35 1 10
35 1 6
36 4 8
36 8 3
37 10 8
37 6 2
38 6 4
38 5 4
39 2 4
39 9 10
40 10 10
40 10 3
41 3 2
41 4 7
42 7 4
42 4 1
43 4 3
43 5 9
44 2 9
44 5 2
45 8 10
45 9 1
46 9 8
46 1 1
47 2 10
47 10 5
48 5 5
48 2 3
49 8 6
49 7 8
50 3 6
50 5 6
