1000
1000
1 414 616
1 805 642
2 108 195
2 544 210
3 588 110
3 975 462
4 359 606
4 785 377
5 899 774
5 980 549
6 508 253
6 173 178
7 828 811
7 983 277
8 790 378
8 205 714
9 585 366
9 42 786
10 995 847
10 97 948
11 971 662
11 848 860
12 709 422
12 501 806
13 390 570
13 255 257
14 389 223
14 404 944
15 563 932
15 983 938
16 83 684
16 433 670
17 848 41
17 545 969
18 855 490
18 743 925
19 430 470
19 191 130
20 159 75
20 50 930
21 681 48
21 194 927
22 399 42
22 687 685
23 43 669
23 961 401
24 743 504
24 84 512
25 814 735
25 356 488
26 380 397
26 896 735
27 894 811
27 848 692
28 255 989
28 35 964
29 909 790
29 843 303
30 955 846
30 241 152
31 222 799
31 901 276
32 827 125
32 327 439
33 30 934
33 78 920
34 485 250
34 600 571
35 945 734
35 793 112
36 941 210
36 854 308
37 479 8
37 256 225
38 49 262
38 53 337
39 113 133
39 204 157
40 561 280
40 321 111
41 847 155
41 898 633
42 531 514
42 679 374
43 867 337
43 697 321
44 983 605
44 629 7
45 58 478
45 983 815
46 429 374
46 151 319
47 808 147
47 562 744
48 982 154
48 586 51
49 690 305
49 593 450
50 726 827
50 655 176
51 778 937
51 296 333
52 405 583
52 767 962
53 788 261
53 616 896
54 649 584
54 669 702
55 449 712
55 423 390
56 937 58
56 907 689
57 957 772
57 596 550
58 627 82
58 318 283
59 26 560
59 404 910
60 207 930
60 383 378
61 776 732
61 177 201
62 542 167
62 417 154
63 664 418
63 313 514
64 999 304
64 12 91
65 666 436
65 868 728
66 296 777
66 51 397
67 790 12
67 516 707
68 695 185
68 222 958
69 346 757
69 824 454
70 789 426
70 253 783
71 802 954
71 929 850
72 336 816
72 231 141
73 816 455
73 743 711
74 150 49
74 25 733
75 321 195
75 931 422
76 485 970
76 846 938
77 30 949
77 87 922
78 216 419
78 408 977
79 672 995
79 6 879
80 434 997
80 230 209
81 35 427
81 246 722
82 488 478
82 248 457
83 278 335
83 480 321
84 272 576
84 289 326
85 60 353
85 671 393
86 806 874
86 993 1
87 469 815
87 262 532
88 437 845
88 153 809
89 287 988
89 726 45
90 289 545
90 906 225
91 504 535
91 764 252
92 629 722
92 453 841
93 454 321
93 921 419
94 323 540
94 859 350
95 108 28
95 510 349
96 378 466
96 256 769
97 674 138
97 235 515
98 459 254
98 992 577
99 531 375
99 60 578
100 696 158
100 65 213
101 558 552
101 421 969
102 980 816
102 872 273
103 982 74
103 190 797
104 870 742
104 232 725
105 710 142
105 38 664
106 59 283
106 499 612
107 503 609
107 515 445
108 966 39
108 645 602
109 636 541
109 192 402
110 634 584
110 368 486
111 662 589
111 352 263
112 30 700
112 778 960
113 261 538
113 87 403
114 414 239
114 512 662
115 684 644
115 717 735
116 462 908
116 191 174
117 925 167
117 168 921
118 465 133
118 301 128
119 12 209
119 892 486
120 101 53
120 464 672
121 482 13
121 681 543
122 430 278
122 327 321
123 996 396
123 860 747
124 681 958
124 417 663
125 654 273
125 630 700
126 79 945
126 402 524
127 456 737
127 586 697
128 825 295
128 119 313
129 771 658
129 621 13
130 231 985
130 779 279
131 684 983
131 104 167
132 687 768
132 588 424
133 215 984
133 651 92
134 33 905
134 230 86
135 794 823
135 650 612
136 226 202
136 979 732
137 944 354
137 877 547
138 952 555
138 274 687
139 379 581
139 781 727
140 279 346
140 688 392
141 181 202
141 113 444
142 724 112
142 573 360
143 960 483
143 344 384
144 338 280
144 522 732
145 967 381
145 459 87
146 371 968
146 9 651
147 274 627
147 813 572
148 84 628
148 626 603
149 574 978
149 914 319
150 563 716
150 626 424
151 324 221
151 431 124
152 362 719
152 465 418
153 627 190
153 223 140
154 608 145
154 239 295
155 35 778
155 98 706
156 195 882
156 752 848
157 540 588
157 159 733
158 273 296
158 301 327
159 742 468
159 891 544
160 363 888
160 19 919
161 214 613
161 519 574
162 591 993
162 433 372
163 905 537
163 828 518
164 1000 317
164 699 180
165 718 163
165 363 907
166 76 520
166 178 229
167 239 162
167 57 382
168 160 328
168 487 952
169 518 5
169 941 435
170 12 450
170 986 161
171 950 713
171 550 2
172 104 954
172 571 644
173 646 102
173 895 235
174 577 448
174 284 443
175 211 231
175 733 741
176 288 250
176 357 424
177 928 780
177 629 935
178 968 878
178 392 282
179 399 116
179 671 796
180 816 386
180 266 762
181 706 979
181 168 720
182 528 842
182 562 864
183 872 104
183 261 12
184 943 284
184 892 498
185 802 988
185 496 707
186 864 962
186 696 191
187 754 510
187 844 229
188 193 294
188 808 444
189 733 528
189 437 203
190 561 460
190 63 801
191 224 737
191 953 677
192 384 815
192 884 882
193 58 774
193 166 417
194 572 852
194 375 311
195 266 253
195 485 316
196 939 666
196 474 330
197 823 88
197 934 923
198 752 713
198 234 818
199 2 368
199 331 106
200 335 647
200 111 56
201 217 148
201 537 525
202 825 332
202 907 728
203 408 764
203 203 319
204 228 738
204 990 846
205 257 231
205 451 182
206 159 728
206 162 600
207 740 495
207 717 928
208 639 723
208 382 126
209 926 424
209 540 291
210 846 181
210 202 159
211 828 753
211 412 894
212 634 533
212 420 196
213 498 13
213 696 358
214 942 826
214 624 110
215 105 451
215 190 943
216 774 866
216 299 890
217 600 607
217 115 654
218 364 822
218 34 485
219 847 799
219 647 295
220 39 841
220 947 678
221 904 83
221 868 236
222 279 223
222 823 87
223 495 78
223 813 727
224 974 462
224 429 884
225 319 585
225 583 231
226 756 354
226 367 274
227 779 86
227 96 523
228 59 995
228 55 818
229 424 582
229 88 856
230 262 274
230 809 968
231 598 47
231 34 519
232 653 554
232 112 727
233 567 469
233 154 769
234 913 518
234 852 966
235 128 310
235 226 804
236 619 394
236 286 961
237 621 38
237 754 256
238 137 809
238 122 598
239 632 86
239 971 203
240 742 844
240 1000 72
241 605 393
241 315 102
242 524 654
242 230 16
243 447 439
243 320 107
244 102 571
244 739 750
245 346 464
245 149 423
246 956 601
246 733 186
247 650 134
247 687 807
248 320 687
248 461 604
249 263 233
249 47 199
250 987 648
250 588 404
251 724 890
251 801 284
252 685 550
252 999 267
253 961 920
253 842 560
254 609 120
254 939 196
255 962 525
255 706 477
256 905 666
256 780 775
257 147 555
257 55 894
258 298 499
258 369 356
259 244 366
259 230 718
260 116 648
260 896 558
261 547 17
261 20 597
262 298 465
262 643 136
263 283 345
263 44 127
264 551 770
264 724 91
265 499 218
265 855 688
266 17 821
266 647 715
267 770 398
267 526 689
268 777 203
268 717 826
269 605 658
269 590 841
270 962 648
270 277 664
271 677 178
271 914 701
272 89 886
272 301 908
273 291 426
273 892 408
274 18 369
274 199 779
275 276 332
275 502 792
276 297 66
276 189 205
277 438 700
277 902 814
278 788 595
278 928 470
279 635 50
279 528 357
280 508 551
280 712 155
281 882 514
281 973 743
282 50 152
282 900 701
283 675 579
283 587 453
284 466 803
284 399 971
285 209 598
285 545 508
286 244 270
286 150 659
287 413 875
287 242 628
288 159 842
288 609 800
289 769 673
289 365 51
290 973 80
290 776 909
291 731 237
291 95 348
292 252 268
292 571 549
293 542 935
293 56 879
294 338 351
294 510 381
295 429 101
295 638 821
296 204 167
296 750 531
297 487 263
297 745 596
298 573 218
298 558 614
299 148 8
299 640 207
300 250 837
300 570 722
301 536 387
301 496 709
302 646 967
302 734 878
303 359 239
303 5 609
304 255 112
304 543 398
305 714 28
305 643 407
306 252 460
306 518 642
307 231 528
307 734 211
308 383 996
308 792 875
309 305 371
309 758 904
310 657 83
310 984 227
311 961 597
311 188 56
312 341 183
312 702 779
313 935 190
313 317 976
314 591 441
314 299 140
315 682 875
315 173 287
316 153 327
316 388 577
317 484 123
317 999 599
318 104 607
318 322 865
319 566 25
319 596 615
320 192 985
320 942 537
321 100 707
321 778 736
322 707 385
322 780 999
323 30 37
323 693 569
324 403 433
324 647 168
325 432 505
325 98 434
326 665 550
326 247 838
327 918 144
327 262 880
328 261 552
328 818 962
329 707 849
329 874 269
330 244 33
330 245 159
331 648 572
331 771 601
332 153 889
332 193 498
333 835 524
333 798 675
334 266 901
334 126 972
335 994 688
335 569 198
336 748 591
336 278 832
337 984 389
337 104 848
338 654 811
338 79 974
339 990 722
339 940 343
340 619 782
340 44 449
341 916 19
341 732 581
342 74 691
342 451 348
343 133 306
343 862 627
344 376 591
344 774 709
345 924 23
345 450 709
346 521 961
346 533 828
347 997 515
347 570 301
348 557 642
348 412 349
349 718 910
349 358 243
350 897 807
350 338 931
351 849 881
351 605 622
352 708 273
352 338 809
353 827 479
353 290 855
354 349 457
354 971 179
355 237 767
355 928 906
356 723 502
356 225 802
357 895 351
357 5 655
358 143 654
358 767 843
359 559 938
359 754 457
360 466 195
360 934 768
361 997 443
361 290 494
362 829 642
362 165 919
363 849 967
363 403 417
364 574 931
364 145 701
365 683 985
365 191 445
366 757 401
366 914 478
367 219 516
367 127 434
368 113 459
368 662 122
369 65 269
369 609 202
370 675 169
370 353 106
371 384 942
371 634 369
372 430 843
372 862 176
373 375 275
373 557 93
374 498 496
374 249 456
375 266 928
375 848 407
376 329 688
376 510 921
377 97 224
377 169 969
378 177 228
378 415 401
379 684 464
379 283 265
380 713 165
380 374 681
381 3 421
381 438 395
382 990 997
382 501 606
383 918 803
383 885 460
384 842 855
384 53 3
385 30 941
385 790 78
386 251 374
386 640 754
387 954 400
387 985 811
388 634 304
388 17 906
389 68 343
389 458 840
390 784 682
390 90 711
391 131 47
391 908 649
392 317 915
392 215 241
393 880 150
393 888 541
394 960 839
394 462 32
395 42 517
395 235 12
396 959 856
396 24 700
397 394 915
397 442 197
398 586 311
398 418 762
399 690 425
399 755 194
400 338 787
400 316 245
401 536 804
401 961 151
402 934 963
402 894 935
403 278 103
403 915 845
404 852 182
404 981 662
405 650 902
405 188 79
406 329 953
406 321 656
407 548 810
407 419 155
408 293 832
408 601 992
409 463 9
409 739 530
410 444 61
410 970 193
411 379 670
411 175 907
412 756 702
412 108 792
413 394 793
413 524 6
414 196 10
414 80 564
415 389 871
415 870 814
416 597 857
416 751 734
417 943 163
417 213 733
418 762 981
418 478 711
419 65 190
419 672 157
420 456 569
420 263 18
421 359 314
421 934 225
422 620 887
422 444 422
423 129 494
423 866 478
424 66 539
424 206 584
425 567 918
425 790 507
426 19 268
426 363 974
427 916 690
427 988 502
428 252 869
428 36 83
429 922 523
429 842 652
430 771 57
430 319 293
431 771 183
431 808 561
432 693 420
432 767 244
433 675 78
433 932 196
434 232 472
434 258 117
435 232 214
435 880 363
436 532 695
436 97 282
437 648 483
437 246 937
438 670 407
438 44 211
439 981 980
439 747 45
440 628 172
440 843 418
441 749 117
441 822 399
442 505 500
442 301 663
443 616 606
443 826 708
444 569 358
444 945 40
445 452 465
445 991 980
446 38 531
446 43 756
447 317 496
447 795 713
448 509 352
448 196 745
449 686 840
449 29 271
450 73 280
450 659 353
451 364 198
451 452 879
452 401 675
452 383 373
453 986 455
453 234 542
454 966 139
454 428 127
455 956 423
455 232 200
456 376 501
456 327 786
457 292 967
457 620 753
458 388 100
458 607 590
459 207 1
459 434 609
460 97 269
460 779 868
461 846 340
461 280 466
462 678 937
462 122 873
463 231 556
463 589 631
464 987 682
464 730 458
465 452 227
465 458 160
466 556 287
466 185 257
467 515 244
467 894 536
468 866 64
468 536 942
469 799 155
469 172 454
470 914 403
470 478 364
471 639 426
471 284 895
472 383 403
472 977 779
473 181 295
473 413 921
474 860 213
474 991 301
475 46 342
475 483 81
476 556 784
476 676 272
477 975 219
477 893 647
478 318 588
478 228 255
479 363 692
479 421 812
480 651 125
480 871 881
481 429 811
481 758 802
482 687 386
482 843 982
483 391 255
483 771 475
484 247 91
484 19 678
485 357 393
485 756 169
486 290 767
486 704 890
487 272 294
487 860 359
488 604 910
488 182 222
489 788 537
489 381 187
490 714 31
490 368 287
491 733 482
491 452 371
492 740 601
492 265 502
493 844 661
493 277 518
494 857 378
494 851 202
495 595 671
495 700 858
496 525 772
496 371 318
497 943 502
497 697 981
498 11 210
498 103 307
499 444 919
499 719 648
500 193 511
500 663 60
501 500 645
501 998 154
502 805 884
502 974 397
503 708 391
503 905 72
504 864 574
504 965 862
505 438 465
505 310 108
506 586 47
506 203 556
507 597 939
507 808 835
508 647 824
508 366 786
509 418 526
509 889 389
510 173 241
510 136 963
511 495 53
511 67 623
512 931 230
512 191 436
513 598 907
513 959 151
514 924 483
514 161 415
515 562 217
515 977 518
516 701 239
516 718 260
517 371 779
517 67 313
518 405 320
518 403 787
519 960 875
519 724 13
520 885 702
520 454 677
521 659 773
521 423 539
522 293 6
522 436 714
523 878 653
523 286 430
524 20 579
524 286 910
525 212 734
525 86 745
526 645 482
526 126 688
527 563 405
527 801 4
528 469 56
528 312 736
529 172 77
529 313 874
530 576 588
530 978 809
531 479 686
531 809 815
532 661 966
532 745 880
533 391 112
533 344 815
534 643 582
534 178 210
535 791 846
535 22 516
536 961 598
536 607 598
537 297 747
537 543 411
538 156 78
538 735 704
539 699 956
539 726 780
540 508 363
540 653 374
541 954 882
541 478 991
542 931 19
542 123 736
543 16 314
543 733 919
544 350 293
544 854 105
545 815 181
545 716 570
546 882 283
546 184 628
547 295 891
547 683 21
548 627 193
548 525 568
549 729 58
549 940 814
550 622 425
550 352 496
551 93 963
551 207 854
552 918 124
552 164 246
553 940 175
553 321 628
554 681 872
554 837 883
555 143 996
555 787 203
556 138 130
556 99 146
557 11 289
557 190 487
558 693 109
558 842 44
559 101 448
559 288 976
560 981 811
560 451 257
561 18 291
561 56 290
562 290 495
562 279 114
563 387 905
563 921 349
564 425 753
564 704 56
565 576 56
565 909 491
566 12 858
566 906 157
567 891 124
567 810 587
568 488 543
568 361 842
569 227 665
569 320 806
570 795 414
570 376 265
571 876 654
571 544 87
572 922 269
572 862 8
573 989 748
573 401 229
574 925 422
574 289 339
575 634 164
575 172 536
576 247 446
576 153 753
577 259 108
577 299 490
578 46 133
578 741 689
579 207 873
579 565 184
580 399 907
580 363 903
581 677 167
581 189 872
582 541 82
582 163 194
583 327 414
583 991 607
584 490 565
584 301 218
585 576 861
585 333 415
586 413 779
586 264 457
587 390 69
587 109 705
588 691 571
588 183 540
589 477 332
589 516 913
590 933 251
590 569 322
591 849 254
591 333 247
592 454 944
592 189 592
593 617 314
593 781 186
594 83 195
594 30 639
595 960 245
595 598 789
596 242 632
596 390 891
597 800 86
597 834 45
598 9 728
598 932 151
599 629 601
599 398 678
600 900 23
600 777 183
601 851 873
601 310 432
602 846 669
602 955 171
603 662 910
603 531 450
604 4 956
604 105 210
605 329 864
605 948 977
606 706 758
606 930 559
607 362 192
607 446 266
608 548 905
608 128 148
609 285 75
609 511 30
610 561 552
610 73 826
611 552 279
611 943 383
612 458 655
612 370 603
613 656 997
613 550 953
614 818 140
614 480 360
615 794 620
615 584 259
616 235 549
616 27 239
617 929 509
617 176 456
618 831 960
618 621 464
619 646 383
619 843 112
620 407 991
620 453 140
621 299 388
621 236 941
622 641 326
622 261 276
623 436 733
623 616 794
624 763 797
624 62 812
625 325 620
625 511 428
626 47 502
626 615 382
627 414 388
627 934 251
628 879 556
628 653 877
629 807 3
629 13 495
630 306 150
630 248 529
631 781 909
631 726 845
632 807 16
632 367 754
633 771 267
633 78 314
634 609 894
634 148 614
635 536 117
635 689 387
636 437 716
636 944 577
637 614 892
637 731 734
638 566 904
638 475 941
639 343 738
639 388 160
640 415 766
640 932 260
641 125 69
641 435 169
642 138 120
642 24 597
643 884 738
643 592 12
644 8 780
644 115 497
645 148 229
645 220 221
646 110 705
646 485 508
647 165 483
647 294 172
648 704 258
648 653 953
649 931 398
649 462 644
650 365 714
650 320 131
651 545 809
651 438 349
652 729 640
652 629 243
653 607 102
653 422 127
654 720 650
654 297 271
655 593 222
655 143 159
656 597 693
656 595 255
657 131 838
657 718 581
658 948 695
658 60 837
659 84 585
659 753 522
660 881 639
660 868 52
661 193 830
661 138 400
662 181 55
662 827 691
663 423 283
663 266 776
664 652 244
664 586 309
665 203 43
665 629 883
666 52 437
666 60 990
667 130 423
667 106 87
668 855 268
668 798 603
669 388 352
669 787 575
670 472 163
670 218 449
671 76 896
671 889 821
672 326 173
672 393 338
673 38 252
673 155 306
674 132 475
674 572 704
675 379 394
675 358 561
676 757 814
676 375 299
677 252 825
677 220 83
678 620 79
678 22 838
679 470 619
679 121 117
680 793 197
680 221 31
681 540 906
681 93 57
682 229 994
682 353 50
683 587 893
683 962 962
684 542 39
684 269 237
685 450 35
685 953 995
686 993 46
686 619 510
687 972 832
687 32 875
688 730 627
688 349 517
689 588 246
689 896 3
690 496 302
690 383 639
691 98 880
691 873 426
692 347 405
692 230 451
693 764 726
693 772 153
694 14 329
694 780 606
695 20 111
695 621 6
696 993 685
696 42 733
697 67 918
697 822 289
698 327 451
698 220 271
699 839 54
699 869 80
700 89 902
700 198 659
701 25 492
701 687 815
702 27 418
702 306 660
703 988 355
703 124 151
704 277 934
704 889 482
705 663 745
705 713 716
706 750 973
706 778 58
707 600 907
707 972 344
708 820 878
708 643 887
709 652 790
709 700 607
710 858 30
710 943 962
711 691 123
711 833 978
712 991 728
712 584 342
713 451 623
713 985 930
714 809 733
714 274 807
715 253 803
715 537 246
716 581 297
716 913 977
717 691 14
717 413 451
718 122 963
718 807 808
719 743 25
719 549 372
720 458 696
720 798 790
721 187 866
721 559 736
722 379 875
722 803 638
723 686 928
723 722 823
724 983 602
724 903 486
725 480 171
725 36 888
726 306 199
726 218 651
727 97 901
727 672 3
728 79 252
728 536 784
729 481 370
729 976 960
730 366 48
730 475 20
731 224 53
731 95 94
732 192 620
732 273 997
733 74 836
733 946 956
734 964 675
734 470 919
735 677 906
735 719 117
736 582 410
736 485 795
737 502 542
737 892 996
738 358 868
738 111 699
739 247 236
739 473 14
740 316 67
740 249 878
741 505 124
741 312 502
742 961 16
742 474 253
743 869 671
743 575 577
744 48 953
744 155 62
745 519 516
745 410 578
746 950 111
746 555 862
747 840 978
747 241 396
748 857 197
748 732 297
749 91 428
749 603 155
750 454 426
750 659 106
751 487 905
751 550 500
752 375 203
752 108 906
753 433 995
753 684 144
754 751 717
754 709 399
755 615 516
755 500 249
756 937 69
756 31 109
757 945 846
757 404 791
758 259 290
758 789 878
759 810 285
759 159 755
760 340 821
760 271 589
761 166 132
761 231 706
762 750 660
762 754 441
763 369 993
763 401 598
764 268 663
764 251 350
765 397 921
765 8 684
766 676 79
766 884 269
767 450 43
767 566 394
768 550 255
768 211 397
769 924 67
769 200 966
770 69 960
770 266 44
771 836 20
771 89 866
772 428 460
772 390 84
773 768 407
773 503 275
774 284 576
774 780 522
775 323 462
775 798 795
776 406 213
776 564 421
777 75 164
777 645 454
778 190 9
778 134 863
779 108 338
779 391 917
780 738 211
780 6 310
781 869 268
781 208 131
782 53 589
782 415 782
783 685 83
783 946 428
784 524 382
784 968 453
785 95 581
785 809 57
786 463 424
786 145 66
787 395 849
787 456 524
788 694 955
788 811 473
789 545 429
789 237 924
790 145 146
790 610 757
791 637 416
791 103 565
792 333 690
792 252 564
793 58 822
793 754 281
794 612 461
794 588 234
795 843 654
795 41 704
796 331 676
796 212 53
797 553 163
797 229 917
798 565 228
798 980 365
799 97 247
799 388 867
800 47 412
800 860 16
801 244 290
801 593 845
802 763 794
802 81 665
803 847 4
803 194 837
804 822 710
804 276 870
805 96 899
805 881 629
806 891 31
806 968 281
807 692 252
807 196 199
808 929 877
808 484 550
809 229 354
809 917 203
810 414 342
810 775 854
811 865 33
811 369 116
812 997 341
812 21 822
813 568 751
813 352 503
814 835 506
814 261 279
815 53 961
815 509 638
816 123 375
816 383 652
817 902 982
817 850 422
818 845 33
818 251 193
819 145 557
819 727 977
820 866 833
820 240 828
821 483 826
821 574 876
822 502 640
822 367 417
823 1000 166
823 31 640
824 508 855
824 678 873
825 772 453
825 667 667
826 693 139
826 776 250
827 16 78
827 269 637
828 191 64
828 721 377
829 219 243
829 189 388
830 304 39
830 507 164
831 925 364
831 276 764
832 964 644
832 157 297
833 768 54
833 650 128
834 154 755
834 346 952
835 706 807
835 85 930
836 685 451
836 455 595
837 886 49
837 212 745
838 469 70
838 160 317
839 638 101
839 298 156
840 945 843
840 80 902
841 85 556
841 478 658
842 181 538
842 376 150
843 287 953
843 63 41
844 849 380
844 130 606
845 460 568
845 232 766
846 17 63
846 978 262
847 768 125
847 473 283
848 98 260
848 511 940
849 414 961
849 70 123
850 354 991
850 939 463
851 538 674
851 629 406
852 386 237
852 974 291
853 23 957
853 1 519
854 391 107
854 190 693
855 602 626
855 963 950
856 58 803
856 404 784
857 766 221
857 86 308
858 735 461
858 533 361
859 940 397
859 179 796
860 155 869
860 80 605
861 559 274
861 980 833
862 78 940
862 430 359
863 302 472
863 709 612
864 231 345
864 193 756
865 462 336
865 338 18
866 336 32
866 175 361
867 284 716
867 756 435
868 372 455
868 139 594
869 719 686
869 850 575
870 672 180
870 825 543
871 196 977
871 944 36
872 980 859
872 558 836
873 674 780
873 139 693
874 487 875
874 478 580
875 435 163
875 852 703
876 761 339
876 680 142
877 355 887
877 6 511
878 760 740
878 799 236
879 154 738
879 484 329
880 849 886
880 961 453
881 967 619
881 440 856
882 289 939
882 970 544
883 926 508
883 27 770
884 717 940
884 586 879
885 289 302
885 570 29
886 808 770
886 851 331
887 996 987
887 297 580
888 258 270
888 619 673
889 459 420
889 595 309
890 525 48
890 242 547
891 244 117
891 573 190
892 604 77
892 774 581
893 612 701
893 620 34
894 545 802
894 47 997
895 94 790
895 821 806
896 855 695
896 467 790
897 898 283
897 312 266
898 237 550
898 50 678
899 916 504
899 739 966
900 1 640
900 433 477
901 976 769
901 542 817
902 858 478
902 96 280
903 622 279
903 800 555
904 152 713
904 969 47
905 250 739
905 483 112
906 394 368
906 327 638
907 110 739
907 786 770
908 436 842
908 854 248
909 366 789
909 543 305
910 464 670
910 919 955
911 429 825
911 132 705
912 79 40
912 187 112
913 870 660
913 739 427
914 498 743
914 834 766
915 596 145
915 619 31
916 199 543
916 999 432
917 426 90
917 862 841
918 701 152
918 842 497
919 667 237
919 39 262
920 557 847
920 83 985
921 119 406
921 478 204
922 556 634
922 952 630
923 16 137
923 53 310
924 772 869
924 908 767
925 993 800
925 571 367
926 875 6
926 523 832
927 239 153
927 951 581
928 545 875
928 499 515
929 229 136
929 651 550
930 592 841
930 529 704
931 161 920
931 451 503
932 36 115
932 793 584
933 523 359
933 95 827
934 767 297
934 971 910
935 996 529
935 803 623
936 214 150
936 499 316
937 913 243
937 887 581
938 592 528
938 763 363
939 745 759
939 98 173
940 528 963
940 568 843
941 134 614
941 437 759
942 319 789
942 966 554
943 331 728
943 335 772
944 569 387
944 316 357
945 234 998
945 654 682
946 621 586
946 311 991
947 419 910
947 657 182
948 999 510
948 107 376
949 469 623
949 654 916
950 538 697
950 797 361
951 576 492
951 648 943
952 811 672
952 749 969
953 375 717
953 248 454
954 566 722
954 812 958
955 494 378
955 35 877
956 668 625
956 893 316
957 146 634
957 930 43
958 866 407
958 593 34
959 414 591
959 352 692
960 482 882
960 624 786
961 882 383
961 254 331
962 234 674
962 659 553
963 448 847
963 712 593
964 205 499
964 363 838
965 138 765
965 713 934
966 836 718
966 137 235
967 75 685
967 877 428
968 479 873
968 777 51
969 573 274
969 244 762
970 119 797
970 907 120
971 543 833
971 539 98
972 9 816
972 675 492
973 718 678
973 946 376
974 618 205
974 675 11
975 261 119
975 125 830
976 226 674
976 26 834
977 792 787
977 323 960
978 916 574
978 785 772
979 685 104
979 576 676
980 289 355
980 54 744
981 364 715
981 740 65
982 852 630
982 88 718
983 842 51
983 593 765
984 941 410
984 119 690
985 125 648
985 699 407
986 206 372
986 879 291
987 66 178
987 439 562
988 630 732
988 169 863
989 576 377
989 27 291
990 706 198
990 135 79
991 301 470
991 209 524
992 283 326
992 782 89
993 120 949
993 155 248
994 993 828
994 666 440
995 717 971
995 694 970
996 72 176
996 749 513
997 751 288
997 466 965
998 78 970
998 373 47
999 316 358
999 560 728
1000 590 542
1000 650 277
