1000
500
1 814 996
1 154 472
2 305 804
2 402 572
3 74 293
3 654 837
4 679 119
4 603 657
5 35 49
5 324 643
6 496 535
6 763 780
7 54 600
7 391 36
8 327 978
8 889 117
9 291 731
9 977 706
10 448 181
10 706 629
11 848 56
11 413 812
12 166 714
12 950 459
13 372 294
13 987 174
14 647 172
14 695 819
15 641 960
15 993 867
16 463 423
16 223 889
17 403 592
17 378 513
18 429 912
18 792 349
19 853 348
19 162 470
20 185 632
20 206 527
21 250 860
21 843 837
22 338 926
22 95 834
23 178 983
23 594 849
24 804 285
24 494 730
25 159 84
25 868 22
26 753 549
26 979 201
27 881 566
27 147 201
28 703 129
28 291 544
29 407 458
29 244 224
30 874 592
30 146 685
31 199 946
31 336 727
32 697 946
32 741 545
33 600 54
33 497 83
34 508 309
34 563 587
35 61 848
35 969 55
36 227 270
36 925 488
37 526 59
37 681 74
38 368 611
38 841 396
39 522 226
39 244 523
40 410 20
40 201 826
41 144 759
41 43 564
42 793 547
42 277 145
43 749 184
43 628 566
44 691 874
44 904 522
45 484 933
45 195 462
46 652 64
46 613 363
47 746 131
47 612 419
48 231 692
48 394 374
49 248 733
49 293 305
50 485 473
50 516 194
51 774 612
51 437 669
52 476 484
52 798 882
53 950 174
53 32 107
54 255 773
54 414 988
55 839 301
55 819 136
56 707 882
56 63 922
57 965 368
57 116 102
58 674 214
58 854 861
59 897 976
59 239 233
60 510 294
60 700 295
61 143 382
61 699 645
62 314 945
62 695 72
63 457 56
63 689 536
64 482 391
64 513 739
65 119 226
65 967 178
66 153 249
66 470 996
67 139 85
67 435 116
68 534 411
68 946 157
69 805 543
69 955 805
70 854 926
70 938 905
71 15 465
71 104 183
72 95 940
72 439 497
73 785 326
73 231 927
74 906 502
74 866 261
75 807 165
75 835 392
76 192 35
76 362 311
77 148 870
77 214 471
78 943 70
78 728 979
79 453 201
79 146 718
80 507 336
80 975 548
81 176 51
81 63 541
82 809 92
82 265 774
83 343 657
83 538 222
84 41 396
84 600 71
85 593 25
85 533 613
86 493 587
86 109 55
87 331 698
87 70 447
88 897 28
88 382 230
89 957 213
89 894 445
90 205 39
90 288 581
91 870 30
91 551 96
92 183 496
92 655 722
93 653 250
93 763 548
94 740 246
94 634 508
95 607 494
95 614 87
96 612 954
96 453 210
97 552 244
97 208 589
98 863 240
98 879 345
99 1000 775
99 361 337
100 458 956
100 732 26
101 343 472
101 843 336
102 233 512
102 467 574
103 896 40
103 892 678
104 110 904
104 178 384
105 885 139
105 287 8
106 87 256
106 978 387
107 246 941
107 21 895
108 984 834
108 471 164
109 295 839
109 51 136
110 896 697
110 940 274
111 807 544
111 772 595
112 903 724
112 506 401
113 993 163
113 62 785
114 79 323
114 737 316
115 230 446
115 515 817
116 207 746
116 644 654
117 763 572
117 375 403
118 548 489
118 765 376
119 702 153
119 18 721
120 5 413
120 998 803
121 218 860
121 268 858
122 735 169
122 277 141
123 496 717
123 441 660
124 548 262
124 462 649
125 561 388
125 985 26
126 323 81
126 180 199
127 355 806
127 6 465
128 711 112
128 842 825
129 53 212
129 511 195
130 180 775
130 746 474
131 137 766
131 848 182
132 543 682
132 871 885
133 362 176
133 1000 267
134 59 103
134 44 448
135 851 350
135 805 457
136 149 847
136 1000 329
137 27 262
137 700 485
138 92 760
138 951 627
139 971 812
139 671 52
140 703 630
140 796 962
141 942 752
141 332 692
142 811 409
142 855 235
143 510 311
143 332 700
144 949 439
144 22 192
145 305 663
145 828 740
146 784 533
146 763 512
147 715 805
147 918 517
148 15 695
148 88 217
149 226 301
149 499 844
150 917 53
150 530 931
151 439 912
151 841 877
152 15 749
152 243 268
153 242 127
153 113 949
154 119 114
154 782 288
155 913 325
155 891 290
156 76 550
156 307 692
157 101 372
157 767 607
158 511 916
158 134 765
159 949 306
159 841 847
160 460 174
160 787 524
161 159 387
161 454 306
162 1 35
162 36 778
163 595 899
163 179 27
164 86 420
164 794 580
165 797 675
165 221 857
166 72 824
166 89 498
167 298 632
167 778 153
168 609 802
168 76 903
169 946 955
169 261 515
170 878 879
170 158 44
171 636 734
171 721 533
172 909 882
172 314 63
173 542 802
173 315 384
174 503 607
174 316 376
175 134 819
175 509 319
176 685 609
176 92 157
177 197 655
177 455 851
178 574 96
178 554 122
179 230 610
179 574 5
180 865 401
180 453 688
181 360 875
181 62 869
182 483 231
182 874 85
183 296 771
183 325 130
184 696 129
184 614 748
185 65 815
185 829 626
186 710 459
186 635 976
187 193 97
187 449 217
188 22 428
188 283 538
189 996 56
189 65 28
190 376 659
190 200 973
191 819 259
191 419 666
192 890 178
192 484 480
193 977 352
193 283 569
194 499 553
194 783 235
195 840 465
195 320 831
196 492 360
196 493 618
197 833 78
197 611 983
198 908 706
198 728 857
199 433 14
199 274 17
200 913 947
200 434 65
201 397 588
201 743 532
202 119 973
202 50 985
203 106 165
203 738 816
204 555 553
204 687 501
205 374 67
205 279 297
206 622 214
206 890 201
207 717 641
207 353 810
208 628 617
208 482 162
209 541 367
209 228 855
210 780 168
210 941 412
211 548 844
211 132 772
212 520 4
212 547 546
213 865 902
213 610 542
214 360 445
214 808 690
215 779 591
215 129 605
216 289 717
216 100 903
217 527 423
217 848 38
218 301 996
218 742 331
219 310 584
219 385 697
220 274 724
220 159 686
221 972 187
221 108 729
222 70 880
222 884 100
223 587 728
223 742 691
224 915 212
224 164 564
225 538 687
225 789 448
226 16 256
226 46 719
227 991 863
227 341 912
228 643 909
228 990 277
229 426 652
229 707 972
230 434 564
230 695 682
231 619 893
231 911 333
232 970 203
232 223 298
233 202 959
233 871 405
234 602 550
234 518 817
235 372 916
235 533 920
236 286 84
236 125 604
237 337 398
237 908 471
238 48 211
238 631 501
239 455 35
239 579 51
240 906 724
240 699 198
241 229 235
241 515 601
242 390 16
242 740 49
243 425 998
243 850 76
244 431 107
244 922 872
245 448 580
245 905 630
246 237 131
246 556 740
247 109 965
247 258 123
248 870 448
248 336 908
249 268 474
249 506 191
250 145 425
250 185 983
251 248 276
251 8 242
252 76 549
252 995 274
253 195 91
253 186 648
254 107 235
254 839 677
255 620 854
255 223 235
256 877 900
256 891 655
257 386 331
257 569 557
258 419 271
258 503 362
259 813 579
259 34 241
260 825 172
260 921 738
261 241 803
261 751 979
262 389 628
262 276 360
263 656 485
263 590 776
264 440 52
264 47 19
265 872 83
265 402 720
266 482 385
266 653 887
267 731 734
267 208 553
268 936 981
268 228 230
269 206 390
269 816 58
270 955 885
270 794 323
271 187 276
271 226 655
272 328 737
272 645 395
273 436 767
273 531 134
274 392 318
274 986 3
275 486 723
275 377 308
276 183 197
276 693 631
277 358 85
277 729 847
278 449 473
278 449 596
279 1 844
279 651 547
280 296 287
280 987 327
281 985 160
281 173 596
282 747 133
282 546 429
283 743 29
283 186 754
284 356 647
284 456 982
285 517 823
285 557 556
286 222 136
286 298 908
287 66 551
287 966 709
288 907 43
288 425 611
289 658 186
289 976 540
290 744 778
290 264 328
291 79 682
291 371 311
292 308 529
292 256 922
293 902 83
293 901 638
294 714 11
294 435 659
295 700 990
295 159 115
296 949 423
296 833 798
297 844 427
297 751 838
298 121 49
298 570 242
299 475 36
299 678 754
300 788 665
300 912 769
301 203 760
301 751 508
302 567 672
302 651 770
303 242 457
303 791 843
304 94 807
304 303 748
305 339 156
305 403 272
306 40 101
306 907 741
307 176 827
307 173 653
308 970 305
308 635 55
309 881 643
309 125 697
310 456 518
310 821 34
311 587 762
311 76 232
312 669 90
312 720 423
313 452 716
313 250 345
314 69 452
314 883 25
315 415 481
315 427 958
316 288 642
316 999 920
317 302 101
317 383 399
318 442 467
318 846 54
319 391 560
319 297 44
320 569 811
320 163 221
321 155 333
321 659 532
322 651 747
322 107 70
323 499 231
323 631 298
324 227 44
324 768 867
325 364 228
325 634 815
326 627 416
326 534 401
327 936 649
327 468 423
328 859 949
328 373 436
329 990 626
329 98 268
330 6 190
330 357 959
331 663 765
331 175 912
332 311 447
332 529 783
333 220 961
333 716 819
334 572 999
334 75 331
335 915 328
335 597 387
336 359 634
336 939 322
337 9 638
337 180 336
338 400 610
338 758 261
339 94 913
339 119 536
340 859 336
340 762 577
341 201 277
341 358 475
342 118 126
342 659 363
343 909 800
343 752 740
344 300 3
344 321 949
345 793 280
345 470 220
346 285 625
346 986 377
347 610 688
347 593 381
348 830 508
348 173 429
349 845 917
349 983 653
350 870 541
350 325 719
351 625 953
351 163 332
352 277 476
352 586 777
353 992 977
353 168 895
354 231 613
354 40 95
355 383 574
355 681 376
356 739 99
356 151 208
357 216 571
357 208 877
358 880 238
358 529 103
359 119 604
359 848 515
360 435 576
360 603 496
361 939 247
361 989 191
362 416 235
362 31 178
363 116 800
363 613 688
364 55 695
364 735 2
365 55 829
365 127 819
366 631 413
366 309 446
367 837 988
367 371 598
368 41 401
368 871 187
369 308 793
369 830 195
370 445 909
370 821 649
371 53 930
371 555 824
372 189 498
372 21 1000
373 115 427
373 195 906
374 658 665
374 433 514
375 303 99
375 829 173
376 830 157
376 855 578
377 184 961
377 851 966
378 26 726
378 198 697
379 489 734
379 705 303
380 702 411
380 693 351
381 140 86
381 17 619
382 241 607
382 356 109
383 780 160
383 418 224
384 700 18
384 292 311
385 983 712
385 346 225
386 624 970
386 472 963
387 686 927
387 533 800
388 853 508
388 834 35
389 260 854
389 356 401
390 23 220
390 756 601
391 949 274
391 427 107
392 126 771
392 569 913
393 581 9
393 28 172
394 603 601
394 162 849
395 429 830
395 79 638
396 715 715
396 783 707
397 122 952
397 640 378
398 182 171
398 767 282
399 163 763
399 619 985
400 128 454
400 905 102
401 443 885
401 557 915
402 465 405
402 448 512
403 673 152
403 764 507
404 550 560
404 542 907
405 756 263
405 391 58
406 733 757
406 170 860
407 516 424
407 520 904
408 200 823
408 272 902
409 206 803
409 240 878
410 424 487
410 737 341
411 346 983
411 276 863
412 80 564
412 632 83
413 839 317
413 282 829
414 634 800
414 656 593
415 420 443
415 15 174
416 666 47
416 81 295
417 643 793
417 707 439
418 52 994
418 966 15
419 857 203
419 728 329
420 451 557
420 986 49
421 988 809
421 955 825
422 571 460
422 755 319
423 231 887
423 365 190
424 540 984
424 883 358
425 728 164
425 104 377
426 997 238
426 668 931
427 140 610
427 919 400
428 476 356
428 232 369
429 953 668
429 357 121
430 84 708
430 795 261
431 838 98
431 723 315
432 398 813
432 271 701
433 955 355
433 582 517
434 534 211
434 798 467
435 412 9
435 363 172
436 797 702
436 211 43
437 726 992
437 285 510
438 336 619
438 120 765
439 897 423
439 600 356
440 872 516
440 108 766
441 638 163
441 46 451
442 936 781
442 104 249
443 900 267
443 338 465
444 837 201
444 207 819
445 841 336
445 493 684
446 427 933
446 267 610
447 924 228
447 288 941
448 130 51
448 167 403
449 381 366
449 894 222
450 507 902
450 144 271
451 475 828
451 973 911
452 425 42
452 407 935
453 487 644
453 691 342
454 918 145
454 228 805
455 303 176
455 651 560
456 27 863
456 295 737
457 505 612
457 400 918
458 515 319
458 333 441
459 92 166
459 39 913
460 769 119
460 5 326
461 876 353
461 366 669
462 814 556
462 405 309
463 950 172
463 86 404
464 432 134
464 359 675
465 247 855
465 327 806
466 110 321
466 701 974
467 964 163
467 484 223
468 974 662
468 110 793
469 833 80
469 608 878
470 966 538
470 451 990
471 996 665
471 346 418
472 448 782
472 451 668
473 198 487
473 938 50
474 647 776
474 830 151
475 608 902
475 952 490
476 29 410
476 439 141
477 347 845
477 349 421
478 93 227
478 743 65
479 476 688
479 292 631
480 558 314
480 585 472
481 48 929
481 862 576
482 745 39
482 177 810
483 571 314
483 773 419
484 548 299
484 586 832
485 72 705
485 526 940
486 855 1000
486 644 133
487 156 850
487 956 647
488 444 419
488 730 657
489 670 966
489 463 355
490 537 468
490 559 34
491 918 35
491 192 998
492 370 676
492 367 285
493 511 249
493 263 39
494 392 823
494 834 350
495 122 994
495 118 750
496 771 876
496 431 184
497 991 530
497 622 945
498 230 803
498 501 552
499 12 931
499 760 197
500 689 296
500 779 653
